-0.728851 
0.312510 
0.271370 
-0.787211 
0.793227 
-0.345721 
-0.358169 
0.705594 
-0.701969 
0.334532 
0.206578 
-0.688014 
0.713312 
-0.454452 
-0.075746 
0.583362 
-0.710587 
0.369182 
-0.002131 
-0.466399 
0.621525 
-0.368473 
-0.118023 
0.551553 
-0.523579 
0.298048 
0.113472 
-0.465206 
0.382129 
-0.242162 
-0.126200 
0.347238 
-0.289305 
0.138652 
0.241981 
-0.377481 
0.268369 
0.050652 
-0.260877 
0.389481 
-0.237392 
-0.095078 
0.413491 
-0.470730 
0.341559 
0.139508 
-0.494423 
0.516703 
-0.318194 
-0.233541 
0.656405 
-0.628508 
0.338324 
0.126610 
-0.682470 
0.665352 
-0.413389 
-0.210554 
0.650146 
-0.794248 
0.505205 
0.057049 
-0.598739 
0.862206 
-0.584008 
0.021490 
0.573435 
-0.797974 
0.657866 
-0.160046 
-0.448181 
0.759307 
-0.733870 
0.189622 
0.269425 
-0.622979 
0.525536 
-0.349093 
-0.247204 
0.455408 
-0.590712 
0.225548 
0.115201 
-0.413446 
0.463276 
-0.236841 
-0.013184 
0.355503 
-0.316066 
0.172611 
0.079003 
-0.147500 
0.239578 
-0.152383 
-0.068279 
0.101233 
-0.207306 
0.038847 
0.085280 
-0.214914 
0.192422 
-0.064335 
-0.083881 
0.189131 
-0.169433 
-0.003002 
0.102959 
-0.227015 
0.181753 
0.028083 
-0.234557 
0.288083 
-0.167491 
0.085144 
0.099849 
-0.217290 
0.199053 
-0.101555 
-0.104753 
0.240602 
-0.206512 
0.110826 
0.008801 
-0.108260 
0.249015 
-0.122957 
0.030591 
0.047241 
-0.186433 
0.248444 
-0.128004 
-0.033283 
0.120288 
-0.104139 
0.063744 
-0.118100 
-0.050155 
0.104532 
-0.157919 
0.077106 
-0.057528 
-0.049502 
0.257838 
-0.204184 
0.143154 
0.139680 
-0.124254 
0.180156 
-0.205586 
-0.033189 
0.260178 
-0.290839 
0.257622 
0.006515 
-0.245629 
0.372500 
-0.291239 
0.107959 
0.275790 
-0.442845 
0.426677 
-0.115549 
-0.280419 
0.477737 
-0.340361 
0.141111 
0.366417 
-0.640885 
0.568480 
-0.207169 
-0.260950 
0.731467 
-0.650127 
0.335348 
0.270762 
-0.729080 
0.737637 
-0.363060 
-0.113237 
0.728108 
-0.796482 
0.527529 
0.130247 
-0.682551 
0.901727 
-0.593621 
-0.031045 
0.541242 
-0.829016 
0.717620 
-0.197174 
-0.438978 
0.780614 
-0.738280 
0.302697 
0.325562 
-0.790880 
0.764805 
-0.362169 
-0.161624 
0.642248 
-0.772842 
0.429266 
0.052053 
-0.508409 
0.665269 
-0.511037 
0.051211 
0.367311 
-0.568525 
0.475232 
-0.219768 
-0.267955 
0.529900 
-0.362649 
0.043107 
0.164495 
-0.387833 
0.384941 
-0.098173 
-0.145240 
0.396000 
-0.200363 
0.100188 
0.236907 
-0.285912 
0.296311 
0.047809 
-0.169950 
0.250675 
-0.153828 
-0.082517 
0.222023 
-0.253287 
0.125362 
0.013401 
-0.276641 
0.302273 
-0.194354 
-0.096397 
0.252990 
-0.321814 
0.150035 
0.075782 
-0.372467 
0.322134 
-0.134392 
-0.070237 
0.171129 
-0.265962 
0.140368 
0.047771 
-0.233406 
0.243874 
-0.062989 
0.011082 
0.223267 
-0.189044 
-0.055455 
0.136165 
-0.172002 
-0.013203 
0.196530 
-0.296362 
0.150511 
0.061151 
-0.251254 
0.422105 
-0.241239 
-0.068388 
0.472343 
-0.506638 
0.302285 
0.089261 
-0.498647 
0.615534 
-0.439289 
-0.008297 
0.615819 
-0.790091 
0.564908 
0.036897 
-0.543143 
0.846976 
-0.575201 
0.047740 
0.493834 
-0.779287 
0.628194 
-0.136087 
-0.428471 
0.776120 
-0.635826 
0.088663 
0.427006 
-0.681687 
0.493963 
-0.147861 
-0.350828 
0.616865 
-0.399957 
0.021826 
0.334671 
-0.499991 
0.371792 
0.174169 
-0.425384 
0.517106 
-0.183614 
-0.224068 
0.478431 
-0.403256 
-0.025251 
0.347853 
-0.533815 
0.405024 
-0.019274 
-0.546359 
0.685527 
-0.441980 
-0.059909 
0.530777 
-0.704768 
0.428746 
0.033847 
-0.530197 
0.623015 
-0.433297 
-0.060689 
0.484835 
-0.673277 
0.335124 
0.073827 
-0.449530 
0.549452 
-0.282604 
-0.061566 
0.298626 
-0.301795 
0.091815 
0.178716 
-0.136960 
0.156696 
0.009835 
-0.262932 
0.240371 
0.030759 
-0.372167 
0.435934 
-0.249935 
-0.196231 
0.512677 
-0.628660 
0.220645 
0.218542 
-0.665480 
0.665213 
-0.427728 
-0.098461 
0.707045 
-0.898351 
0.514823 
0.122949 
-0.744653 
0.905512 
-0.617380 
0.106750 
0.638959 
-0.899884 
0.689107 
-0.105081 
-0.489067 
0.795377 
-0.753970 
0.231015 
0.316925 
-0.587764 
0.632187 
-0.203017 
0.001943 
0.380372 
-0.315394 
0.217048 
-0.086890 
-0.093867 
0.139700 
-0.127445 
0.128452 
-0.174533 
0.155262 
0.085844 
-0.285617 
0.370292 
-0.406589 
0.135452 
0.250242 
-0.518604 
0.633722 
-0.374857 
-0.178715 
0.630372 
-0.803120 
0.513753 
0.088759 
-0.621852 
0.801503 
-0.629207 
0.036809 
0.632297 
-0.830913 
0.703369 
-0.088151 
-0.585617 
0.853956 
-0.649116 
0.082475 
0.435036 
-0.677631 
0.583230 
-0.035221 
-0.386882 
0.494955 
-0.465022 
-0.020063 
0.424051 
-0.509336 
0.371008 
0.077622 
-0.391668 
0.415028 
-0.137399 
-0.170144 
0.363856 
-0.235519 
-0.036892 
0.286041 
-0.405927 
0.117942 
0.159147 
-0.418203 
0.336355 
-0.129389 
-0.236620 
0.455572 
-0.372430 
0.063691 
0.362181 
-0.621259 
0.402701 
0.075224 
-0.495642 
0.626965 
-0.365408 
-0.064869 
0.557630 
-0.621133 
0.467635 
0.159194 
-0.654616 
0.725431 
-0.445572 
-0.145332 
0.710346 
-0.857396 
0.346446 
0.194060 
-0.709712 
0.784434 
-0.470563 
-0.126671 
0.723858 
-0.747721 
0.462387 
0.126597 
-0.600647 
0.771747 
-0.431200 
-0.078353 
0.540748 
-0.734238 
0.513817 
0.001849 
-0.472212 
0.591074 
-0.448118 
0.071773 
0.409517 
-0.454155 
0.397599 
-0.140452 
-0.143996 
0.266572 
-0.225115 
0.163714 
0.002984 
-0.153194 
0.206361 
-0.170157 
0.174118 
-0.066077 
-0.064694 
0.151189 
-0.290200 
0.237501 
-0.109478 
-0.128360 
0.314711 
-0.368015 
0.302401 
-0.068491 
-0.244855 
0.432770 
-0.355396 
0.032882 
0.299791 
-0.560394 
0.482293 
-0.291762 
-0.149446 
0.442259 
-0.435946 
0.136168 
0.053754 
-0.450370 
0.415870 
-0.276637 
-0.106233 
0.325180 
-0.323724 
0.168423 
0.038141 
-0.287229 
0.225160 
-0.138571 
-0.074318 
0.243964 
-0.122900 
0.117324 
0.093723 
-0.264220 
0.121559 
0.070268 
-0.223772 
0.313745 
-0.113944 
-0.126803 
0.325575 
-0.365600 
0.167328 
0.105634 
-0.333345 
0.394548 
-0.273083 
0.031029 
0.385666 
-0.475144 
0.381273 
-0.041776 
-0.277937 
0.489017 
-0.354170 
0.111346 
0.239925 
-0.521344 
0.602524 
-0.318442 
-0.147608 
0.454060 
-0.473649 
0.350024 
0.011087 
-0.352131 
0.501043 
-0.469090 
0.235415 
0.203719 
-0.531401 
0.372878 
-0.272420 
-0.047571 
0.325508 
-0.525352 
0.367108 
0.002782 
-0.283469 
0.485069 
-0.375204 
0.069844 
0.199172 
-0.356327 
0.322338 
-0.150479 
-0.115268 
0.307567 
-0.292972 
0.089770 
0.031709 
-0.221965 
0.255300 
-0.105745 
-0.030437 
0.105163 
-0.145123 
0.071481 
0.038639 
-0.060227 
0.035743 
0.015378 
0.016181 
-0.062297 
0.132153 
-0.058247 
0.057774 
0.041654 
-0.158149 
0.200962 
-0.105709 
-0.015096 
0.144720 
-0.297160 
0.142892 
0.036190 
-0.218313 
0.272918 
-0.233059 
0.036210 
0.188033 
-0.297478 
0.165524 
-0.075347 
-0.201565 
0.209257 
-0.201508 
0.075500 
0.026533 
-0.211396 
0.188415 
-0.009107 
0.066547 
0.078151 
-0.116148 
0.090659 
-0.019333 
0.003115 
-0.013055 
-0.031768 
0.113627 
-0.173705 
0.127421 
-0.027007 
-0.087085 
0.329501 
-0.266703 
0.259378 
0.051881 
-0.328612 
0.331664 
-0.239527 
-0.041828 
0.349186 
-0.488362 
0.394180 
-0.057664 
-0.377614 
0.635026 
-0.405382 
0.060099 
0.352540 
-0.568466 
0.618305 
-0.172247 
-0.225599 
0.629761 
-0.637371 
0.322406 
0.154991 
-0.536889 
0.697176 
-0.447422 
-0.005980 
0.426406 
-0.590990 
0.438338 
-0.062933 
-0.343151 
0.504380 
-0.436224 
0.268467 
0.139537 
-0.326190 
0.362603 
-0.332015 
0.020805 
0.186697 
-0.336642 
0.307144 
-0.239403 
-0.069365 
0.178728 
-0.294327 
0.245563 
-0.152644 
0.034648 
0.259945 
-0.367722 
0.407909 
-0.153838 
-0.168220 
0.348901 
-0.463224 
0.299691 
0.064698 
-0.314612 
0.531053 
-0.377401 
0.077696 
0.212316 
-0.409877 
0.475938 
-0.182053 
-0.090956 
0.400574 
-0.397112 
0.137562 
0.063332 
-0.210091 
0.313617 
-0.194225 
-0.043643 
0.134280 
-0.114673 
0.133131 
0.013933 
0.067881 
-0.057919 
0.115761 
-0.051948 
-0.173109 
0.243186 
-0.262933 
0.080397 
0.202067 
-0.459331 
0.510050 
-0.252407 
-0.169763 
0.548098 
-0.652427 
0.442519 
0.129612 
-0.605676 
0.878771 
-0.682607 
0.006778 
0.622458 
-0.905503 
0.740940 
-0.199706 
-0.471480 
1.010488 
-0.943102 
0.374448 
0.292007 
-1.056514 
1.065875 
-0.599954 
-0.176968 
0.809377 
-1.146719 
0.736719 
-0.036010 
-0.713333 
1.019124 
-0.832769 
0.187138 
0.415739 
-0.889165 
0.893284 
-0.450248 
-0.331772 
0.776031 
-0.831921 
0.567503 
-0.018809 
-0.612518 
0.783934 
-0.752604 
0.158147 
0.351294 
-0.752810 
0.794913 
-0.379728 
-0.148342 
0.661738 
-0.671320 
0.568414 
-0.016951 
-0.471244 
0.766175 
-0.683341 
0.273382 
0.300802 
-0.721180 
0.772162 
-0.497686 
-0.205730 
0.617686 
-0.839477 
0.581773 
-0.029601 
-0.594255 
0.871200 
-0.652429 
0.224637 
0.476310 
-0.943188 
0.779026 
-0.195582 
-0.326293 
0.782642 
-0.799519 
0.372302 
0.231864 
-0.640350 
0.737624 
-0.522836 
-0.069036 
0.637370 
-0.709570 
0.629593 
0.002993 
-0.412089 
0.647139 
-0.582646 
0.197626 
0.271064 
-0.565783 
0.597055 
-0.286338 
-0.034591 
0.408567 
-0.480635 
0.336076 
-0.076444 
-0.202564 
0.426234 
-0.469279 
0.179924 
0.106724 
-0.336006 
0.408312 
-0.317429 
-0.006945 
0.195129 
-0.413081 
0.346395 
-0.170305 
-0.154588 
0.318279 
-0.370802 
0.150029 
0.089630 
-0.196135 
0.336082 
-0.144901 
-0.124179 
0.154096 
-0.349405 
0.139881 
0.022444 
-0.190122 
0.287295 
-0.163333 
-0.024892 
0.188912 
-0.335468 
0.095151 
0.089824 
-0.225584 
0.228392 
-0.024015 
-0.160426 
0.330216 
-0.296061 
0.008790 
0.188576 
-0.398378 
0.315228 
-0.024156 
-0.262752 
0.457278 
-0.345944 
0.084244 
0.361479 
-0.567055 
0.416734 
-0.117063 
-0.260193 
0.501698 
-0.457629 
0.112102 
0.205180 
-0.428880 
0.477876 
-0.217625 
-0.121730 
0.394080 
-0.326941 
0.284665 
0.092572 
-0.222195 
0.432254 
-0.117894 
0.005747 
0.211099 
-0.181850 
0.082508 
0.013473 
-0.071267 
0.024510 
-0.034641 
0.048499 
-0.011376 
0.145886 
-0.095652 
0.076137 
0.044623 
-0.259031 
0.334917 
-0.097285 
-0.093445 
0.277301 
-0.403842 
0.283966 
0.045285 
-0.327459 
0.416127 
-0.384556 
0.025720 
0.378222 
-0.483444 
0.360996 
-0.086249 
-0.274447 
0.543140 
-0.438018 
0.194920 
0.211540 
-0.350762 
0.421019 
-0.261802 
-0.083650 
0.227516 
-0.367694 
0.138939 
0.026933 
-0.108703 
0.208948 
-0.163321 
0.135830 
0.038014 
-0.126100 
0.106990 
-0.154050 
0.186508 
-0.209410 
0.105256 
0.121063 
-0.304520 
0.273703 
-0.131566 
-0.038690 
0.343509 
-0.515959 
0.427980 
-0.033709 
-0.384682 
0.622936 
-0.539795 
0.183736 
0.300434 
-0.560782 
0.617447 
-0.359885 
-0.205573 
0.627602 
-0.749097 
0.471775 
0.070602 
-0.560747 
0.732702 
-0.469680 
0.002326 
0.405381 
-0.589513 
0.488851 
-0.165649 
-0.300770 
0.593440 
-0.580053 
0.145984 
0.204315 
-0.477971 
0.330432 
-0.222531 
-0.234817 
0.457581 
-0.375967 
0.130276 
0.154041 
-0.354749 
0.231038 
-0.105795 
-0.036022 
0.265515 
-0.198901 
0.006184 
0.149434 
-0.133948 
0.165672 
0.023657 
-0.111635 
0.174532 
-0.043236 
-0.099328 
0.152745 
-0.106647 
0.035670 
0.089128 
-0.108473 
0.147089 
-0.099436 
-0.006812 
0.124360 
-0.070004 
0.044301 
0.042697 
-0.069303 
0.061776 
-0.032422 
-0.043002 
-0.033323 
-0.056165 
-0.042788 
-0.003194 
0.051415 
-0.178106 
0.097988 
0.040276 
-0.064176 
0.143149 
-0.272531 
0.144099 
0.078845 
-0.281988 
0.386881 
-0.209986 
-0.046869 
0.310648 
-0.460987 
0.414131 
-0.141270 
-0.199188 
0.532255 
-0.486556 
0.251561 
0.132148 
-0.433852 
0.605575 
-0.464696 
0.004791 
0.290695 
-0.598142 
0.591788 
-0.284317 
-0.207685 
0.613042 
-0.742150 
0.462507 
-0.009137 
-0.465457 
0.731389 
-0.664465 
0.309306 
0.330903 
-0.716915 
0.759483 
-0.475297 
0.013184 
0.463210 
-0.800263 
0.579914 
-0.183891 
-0.293156 
0.630590 
-0.689386 
0.480833 
0.063484 
-0.377053 
0.600231 
-0.584428 
0.280977 
0.191956 
-0.616127 
0.692496 
-0.445121 
0.047490 
0.357278 
-0.611380 
0.570236 
-0.342892 
-0.252471 
0.529641 
-0.592280 
0.387634 
-0.080979 
-0.291344 
0.541213 
-0.582512 
0.331312 
0.117397 
-0.371230 
0.602899 
-0.353916 
0.083728 
0.248950 
-0.523315 
0.506603 
-0.304162 
-0.016204 
0.307339 
-0.431539 
0.386885 
-0.073954 
-0.120152 
0.319929 
-0.416974 
0.274278 
0.077652 
-0.234718 
0.326348 
-0.342318 
0.061995 
0.111397 
-0.204419 
0.209296 
-0.014968 
-0.075104 
0.186850 
-0.084920 
0.019669 
0.019714 
-0.083556 
0.100662 
0.033536 
-0.083109 
0.055100 
-0.012188 
-0.138426 
0.216278 
-0.074565 
-0.050259 
0.255687 
-0.323193 
0.203944 
-0.117012 
-0.339674 
0.434689 
-0.452762 
0.097659 
0.249053 
-0.566532 
0.542873 
-0.291071 
-0.118903 
0.536648 
-0.744927 
0.502268 
-0.034926 
-0.576753 
0.781433 
-0.604104 
0.161759 
0.316513 
-0.733695 
0.708891 
-0.368765 
-0.243902 
0.655922 
-0.725520 
0.540957 
0.025486 
-0.472781 
0.627978 
-0.622607 
0.123789 
0.200817 
-0.477959 
0.423626 
-0.232904 
-0.076932 
0.361947 
-0.371812 
0.264803 
-0.110919 
-0.074337 
0.190947 
-0.297637 
0.110247 
-0.054934 
-0.177335 
0.235343 
-0.235515 
0.230616 
-0.131522 
0.038490 
0.132211 
-0.213169 
0.277245 
-0.143354 
0.054890 
0.148995 
-0.270554 
0.338392 
-0.193319 
-0.000880 
0.226377 
-0.325533 
0.305184 
-0.188128 
-0.091524 
0.363752 
-0.396291 
0.285357 
-0.098048 
-0.250137 
0.360466 
-0.433337 
0.249312 
0.020273 
-0.306790 
0.455863 
-0.333109 
0.135053 
0.162542 
-0.397510 
0.507957 
-0.296016 
0.075804 
0.214509 
-0.580750 
0.552533 
-0.207143 
-0.111539 
0.495819 
-0.528877 
0.489570 
-0.132673 
-0.230590 
0.505798 
-0.474811 
0.319401 
0.047292 
-0.415179 
0.517051 
-0.411623 
0.176616 
0.151036 
-0.481569 
0.464966 
-0.322301 
0.095322 
0.229902 
-0.477136 
0.449883 
-0.255696 
-0.073856 
0.348170 
-0.475907 
0.467613 
-0.183611 
-0.141136 
0.446039 
-0.554501 
0.365856 
-0.026828 
-0.270494 
0.549646 
-0.629963 
0.318857 
0.153473 
-0.490713 
0.688974 
-0.473977 
0.004846 
0.350707 
-0.716002 
0.720908 
-0.341158 
-0.272211 
0.687179 
-0.803374 
0.370694 
0.189521 
-0.611438 
0.735466 
-0.563754 
0.122613 
0.465310 
-0.784663 
0.628919 
-0.066914 
-0.386060 
0.647631 
-0.637765 
0.276423 
0.243642 
-0.624504 
0.612655 
-0.312584 
-0.121796 
0.539722 
-0.574881 
0.253987 
0.062309 
-0.521354 
0.487302 
-0.309556 
-0.099397 
0.248744 
-0.426278 
0.178365 
0.089565 
-0.256851 
0.327091 
-0.169333 
-0.079666 
0.244514 
-0.136572 
0.100522 
0.107952 
-0.232462 
0.110849 
0.019664 
-0.172928 
0.206040 
-0.145489 
-0.068082 
0.227536 
-0.241331 
0.086104 
0.145167 
-0.359676 
0.286661 
-0.152866 
-0.168739 
0.428874 
-0.467838 
0.125149 
0.293525 
-0.484587 
0.536662 
-0.249714 
-0.202569 
0.495455 
-0.660754 
0.342282 
0.098476 
-0.507686 
0.652663 
-0.439198 
0.046341 
0.492237 
-0.896334 
0.688193 
-0.265197 
-0.404458 
0.837860 
-0.849390 
0.453349 
0.253925 
-0.831495 
0.931357 
-0.576137 
0.016051 
0.694350 
-1.052377 
0.831563 
-0.246549 
-0.466282 
0.861715 
-0.981398 
0.476212 
0.160795 
-0.835136 
1.072411 
-0.686466 
0.076946 
0.616620 
-0.919713 
0.778849 
-0.255892 
-0.326655 
0.756676 
-0.779933 
0.472146 
0.080551 
-0.467093 
0.728207 
-0.594874 
0.131284 
0.281452 
-0.576858 
0.557244 
-0.370538 
-0.002586 
0.244746 
-0.476492 
0.410372 
-0.299229 
0.013883 
0.367047 
-0.344765 
0.307975 
-0.227257 
-0.047053 
0.212506 
-0.420792 
0.369602 
-0.233746 
-0.111799 
0.301561 
-0.482230 
0.497436 
-0.263195 
-0.211454 
0.485607 
-0.535242 
0.395809 
0.047620 
-0.458961 
0.595151 
-0.525741 
0.261128 
0.248648 
-0.653594 
0.577641 
-0.284913 
-0.115103 
0.476191 
-0.651851 
0.388091 
0.009219 
-0.368072 
0.565843 
-0.463387 
-0.007992 
0.241103 
-0.468528 
0.393686 
-0.069243 
-0.132131 
0.469326 
-0.274205 
0.077739 
0.100055 
-0.211715 
0.152881 
0.046815 
-0.149022 
0.182996 
0.083360 
-0.177826 
0.229909 
-0.238720 
-0.072728 
0.363409 
-0.419865 
0.374254 
-0.040620 
-0.408048 
0.656369 
-0.508283 
0.053857 
0.376796 
-0.712845 
0.596795 
-0.184601 
-0.242263 
0.766058 
-0.795644 
0.417759 
0.078356 
-0.748122 
0.907206 
-0.533579 
0.025764 
0.480908 
-0.781390 
0.689901 
-0.180010 
-0.337711 
0.670776 
-0.614445 
0.376494 
0.147382 
-0.524831 
0.605660 
-0.505113 
0.102848 
0.321314 
-0.392570 
0.326320 
-0.205906 
-0.017365 
0.179720 
-0.290371 
0.223967 
-0.232490 
-0.029907 
0.138740 
-0.311298 
0.339875 
-0.277952 
0.063800 
0.271718 
-0.417093 
0.494483 
-0.245576 
-0.027141 
0.278573 
-0.530215 
0.462485 
-0.230300 
-0.274733 
0.566133 
-0.576271 
0.450319 
0.021192 
-0.447179 
0.728644 
-0.539802 
0.166624 
0.290374 
-0.673298 
0.592814 
-0.353470 
-0.132292 
0.473165 
-0.692750 
0.445821 
-0.124897 
-0.266448 
0.483123 
-0.505154 
0.286388 
0.051770 
-0.355584 
0.483317 
-0.335194 
0.086753 
0.118477 
-0.236840 
0.329945 
-0.251655 
0.027069 
0.162417 
-0.260731 
0.263313 
-0.203281 
0.046401 
0.091555 
-0.253218 
0.235681 
-0.142833 
-0.015810 
0.149959 
-0.361629 
0.317140 
-0.136448 
-0.062473 
0.279930 
-0.361450 
0.299008 
-0.026470 
-0.134639 
0.263243 
-0.265641 
0.147660 
0.013119 
-0.152302 
0.297688 
-0.252397 
0.127974 
0.069575 
-0.217640 
0.241236 
-0.283622 
0.124426 
0.007897 
-0.261656 
0.352836 
-0.201768 
0.075313 
0.161129 
-0.431496 
0.243523 
-0.175300 
-0.174622 
0.278664 
-0.407183 
0.258590 
0.040320 
-0.308207 
0.383543 
-0.367866 
-0.010563 
0.280619 
-0.429129 
0.394754 
-0.164328 
-0.240595 
0.387405 
-0.316387 
0.130402 
0.196815 
-0.406402 
0.381648 
-0.218382 
-0.251430 
0.355046 
-0.300158 
0.059039 
0.178494 
-0.335355 
0.289539 
-0.043785 
-0.238534 
0.335127 
-0.205287 
-0.037443 
0.225060 
-0.332550 
0.214728 
0.035411 
-0.218097 
0.327720 
-0.205355 
0.004635 
0.277850 
-0.282714 
0.291681 
0.144363 
-0.275250 
0.333866 
-0.067823 
-0.171117 
0.271881 
-0.325580 
0.149757 
0.086169 
-0.380235 
0.316787 
-0.103964 
-0.115570 
0.398212 
-0.236357 
0.073891 
0.093395 
-0.302926 
0.277322 
-0.060467 
-0.160290 
0.270399 
-0.187591 
0.064428 
0.049193 
-0.166301 
0.206066 
-0.017340 
-0.063605 
0.112953 
-0.136846 
-0.048009 
0.114246 
-0.168557 
0.055335 
0.072682 
-0.091021 
0.107995 
0.045170 
-0.160412 
0.183375 
-0.066823 
-0.051077 
0.143820 
-0.098162 
0.079857 
0.141086 
-0.271925 
0.289606 
-0.133965 
-0.157907 
0.241161 
-0.264137 
0.179534 
0.021383 
-0.212163 
0.305231 
-0.218256 
-0.049908 
0.179292 
-0.275667 
0.181271 
-0.128833 
-0.079659 
0.336373 
-0.292234 
0.258794 
-0.096074 
-0.191813 
0.309643 
-0.312162 
0.154207 
-0.011050 
-0.298649 
0.344937 
-0.238946 
0.083171 
0.163917 
-0.404911 
0.370798 
-0.175308 
-0.139145 
0.341624 
-0.493528 
0.288929 
0.043363 
-0.378442 
0.486977 
-0.328655 
0.020049 
0.278823 
-0.476337 
0.378491 
-0.207500 
-0.218520 
0.403482 
-0.365866 
0.209092 
0.114659 
-0.314712 
0.353930 
-0.223930 
-0.013668 
0.274211 
-0.305098 
0.188141 
-0.029749 
-0.099016 
0.251902 
-0.147804 
0.079386 
-0.008291 
-0.104176 
0.071916 
-0.128274 
-0.079292 
0.010377 
0.014164 
0.060204 
-0.001869 
0.143192 
-0.086999 
-0.038651 
-0.022583 
-0.130901 
0.240646 
0.012207 
-0.071071 
0.287177 
-0.256409 
0.001954 
0.068255 
-0.241427 
0.261210 
-0.020759 
-0.156541 
0.300877 
-0.269534 
0.090869 
0.151048 
-0.330228 
0.324444 
-0.007892 
-0.153055 
0.418365 
-0.270895 
0.021154 
0.324289 
-0.424034 
0.485932 
-0.007063 
-0.355207 
0.533527 
-0.395288 
0.106786 
0.266460 
-0.503244 
0.426794 
-0.132099 
-0.150602 
0.433677 
-0.516017 
0.254899 
0.202250 
-0.401198 
0.486479 
-0.250768 
-0.050670 
0.336836 
-0.436390 
0.330297 
0.083572 
-0.234761 
0.296427 
-0.258783 
0.144578 
0.058839 
-0.153961 
0.306968 
-0.216731 
0.139823 
0.036699 
-0.138717 
0.190028 
-0.136004 
0.041307 
0.048339 
-0.241717 
0.329179 
-0.271878 
0.037586 
0.189502 
-0.379855 
0.312474 
-0.180579 
-0.189451 
0.357674 
-0.420681 
0.298715 
0.052930 
-0.243069 
0.406761 
-0.149776 
0.001802 
0.253362 
-0.310480 
0.297625 
-0.010112 
-0.200025 
0.200997 
-0.102964 
0.001323 
0.199383 
-0.240820 
0.058173 
0.074556 
-0.207146 
0.130805 
0.150351 
-0.301429 
0.318585 
-0.103408 
-0.301771 
0.451100 
-0.369773 
0.098240 
0.344826 
-0.522779 
0.599078 
-0.104600 
-0.317847 
0.728303 
-0.684944 
0.203409 
0.270026 
-0.777330 
0.834847 
-0.399554 
-0.178429 
0.762249 
-0.851569 
0.513292 
0.052230 
-0.583704 
0.831515 
-0.614939 
0.073257 
0.455480 
-0.729636 
0.554538 
-0.182193 
-0.352444 
0.548681 
-0.542645 
0.211784 
0.129087 
-0.373237 
0.457827 
-0.237026 
-0.038064 
0.213683 
-0.304057 
0.215956 
-0.024355 
-0.111466 
0.116971 
-0.057238 
0.037707 
-0.056346 
0.088020 
-0.031106 
-0.001725 
0.140467 
-0.198840 
0.140800 
-0.156869 
-0.068871 
0.219341 
-0.278516 
0.149633 
0.048370 
-0.283074 
0.381537 
-0.300925 
0.029415 
0.176765 
-0.328065 
0.342207 
-0.168459 
-0.111220 
0.308926 
-0.294745 
0.172881 
0.000241 
-0.158032 
0.220671 
-0.142095 
0.180435 
-0.045034 
-0.217179 
0.213483 
-0.109548 
0.021442 
0.049475 
-0.097754 
0.122500 
-0.089856 
-0.053589 
0.061632 
-0.142964 
0.051642 
-0.100483 
0.031669 
0.046110 
-0.058471 
0.098872 
-0.146471 
0.035930 
0.012863 
-0.172968 
0.132088 
-0.071970 
-0.011472 
0.084276 
-0.070095 
0.096522 
-0.019079 
-0.057501 
0.053206 
-0.097401 
0.009637 
-0.066960 
0.097030 
-0.087795 
-0.007031 
0.088856 
-0.177248 
0.165948 
-0.067689 
-0.076625 
0.185373 
-0.297765 
0.230351 
-0.079770 
-0.174248 
0.431857 
-0.363725 
0.205907 
0.190288 
-0.482308 
0.559189 
-0.372035 
-0.116636 
0.565009 
-0.734409 
0.556930 
-0.003231 
-0.457910 
0.805913 
-0.668015 
0.231803 
0.351832 
-0.796593 
0.879733 
-0.430179 
-0.184743 
0.770596 
-0.982904 
0.622981 
0.133703 
-0.777662 
0.991031 
-0.738548 
0.166080 
0.601639 
-0.908419 
0.778803 
-0.207593 
-0.497770 
0.948291 
-0.910207 
0.329130 
0.375577 
-0.922397 
0.927240 
-0.360662 
-0.323569 
0.869016 
-0.969068 
0.426113 
0.216834 
-0.863716 
0.892392 
-0.450391 
-0.175131 
0.750709 
-0.824769 
0.421879 
0.262206 
-0.653528 
0.888941 
-0.419074 
-0.143851 
0.712146 
-0.793572 
0.385585 
0.222580 
-0.600467 
0.733095 
-0.472279 
-0.190035 
0.604749 
-0.699897 
0.416289 
0.130412 
-0.553519 
0.589491 
-0.370808 
-0.079870 
0.469065 
-0.533685 
0.369863 
0.108329 
-0.365875 
0.405139 
-0.114070 
-0.159618 
0.341302 
-0.344432 
0.132376 
0.187868 
-0.303305 
0.264735 
0.027928 
-0.261035 
0.298600 
-0.169028 
-0.135727 
0.454701 
-0.453361 
0.173662 
0.208334 
-0.542501 
0.527731 
-0.248090 
-0.224160 
0.607995 
-0.696600 
0.296571 
0.196744 
-0.592311 
0.769892 
-0.406941 
-0.177167 
0.623307 
-0.769904 
0.403211 
0.138534 
-0.571711 
0.797854 
-0.561460 
-0.008199 
0.557709 
-0.780615 
0.695611 
-0.187350 
-0.372357 
0.704706 
-0.693680 
0.247256 
0.350832 
-0.560009 
0.565021 
-0.258587 
-0.172489 
0.513676 
-0.580859 
0.287681 
0.092721 
-0.434130 
0.413991 
-0.255078 
0.021190 
0.277588 
-0.309447 
0.220571 
0.028568 
-0.201162 
0.344782 
-0.112946 
-0.048646 
0.226151 
-0.257709 
0.068631 
0.078765 
-0.157354 
0.155013 
-0.076031 
-0.168199 
0.177447 
-0.124473 
0.050318 
0.109311 
-0.239168 
0.212251 
0.042391 
-0.221180 
0.256318 
-0.252379 
-0.026910 
0.147148 
-0.289677 
0.197530 
-0.117771 
-0.108609 
0.205009 
-0.234146 
0.081816 
0.068238 
-0.159298 
0.137845 
-0.107142 
0.025547 
0.116950 
-0.107755 
0.137752 
-0.063533 
0.008794 
0.159254 
-0.092517 
0.075602 
-0.056963 
-0.107920 
0.088604 
-0.153701 
0.136912 
-0.077352 
-0.012856 
0.271115 
-0.167868 
0.104343 
0.043808 
-0.176718 
0.225942 
-0.172163 
0.032589 
0.152220 
-0.268625 
0.221434 
-0.006327 
-0.101896 
0.319584 
-0.350258 
0.029008 
0.178351 
-0.437816 
0.375807 
-0.074751 
-0.263603 
0.522810 
-0.441473 
0.121300 
0.301822 
-0.540318 
0.555657 
-0.162083 
-0.296132 
0.683003 
-0.651995 
0.275298 
0.335760 
-0.693952 
0.717888 
-0.340250 
-0.259000 
0.624672 
-0.825600 
0.400398 
0.122684 
-0.613396 
0.909610 
-0.603332 
0.012189 
0.634285 
-0.821301 
0.645516 
-0.157403 
-0.468760 
0.860906 
-0.765269 
0.191197 
0.308039 
-0.786900 
0.760357 
-0.324022 
-0.255070 
0.681233 
-0.736191 
0.424763 
0.099186 
-0.507855 
0.733057 
-0.402355 
0.054561 
0.435736 
-0.554307 
0.447444 
-0.104902 
-0.237153 
0.551961 
-0.402297 
0.132113 
0.149141 
-0.418254 
0.306370 
-0.062403 
-0.170406 
0.301544 
-0.276608 
0.167326 
0.197594 
-0.221859 
0.229070 
-0.040754 
-0.223087 
0.282607 
-0.151514 
0.062301 
0.197475 
-0.286291 
0.067624 
0.063422 
-0.309567 
0.256848 
-0.153624 
-0.085384 
0.263071 
-0.253920 
0.159056 
0.047371 
-0.272866 
0.276226 
-0.181498 
-0.026195 
0.238653 
-0.210779 
0.091170 
0.076273 
-0.271951 
0.184618 
-0.017617 
-0.109275 
0.166443 
-0.106924 
-0.107402 
0.103335 
-0.156344 
0.059232 
0.151213 
-0.290567 
0.186527 
-0.002858 
-0.279906 
0.394229 
-0.259839 
-0.043989 
0.402854 
-0.453952 
0.280222 
0.045467 
-0.452068 
0.729620 
-0.433738 
-0.000491 
0.557321 
-0.809152 
0.551029 
0.000178 
-0.551918 
0.811324 
-0.625839 
0.084303 
0.496935 
-0.773119 
0.666169 
-0.157043 
-0.491306 
0.752130 
-0.581521 
0.111192 
0.298546 
-0.709303 
0.478349 
-0.192841 
-0.302092 
0.612362 
-0.455035 
0.057105 
0.382871 
-0.510903 
0.284817 
0.125652 
-0.482808 
0.482984 
-0.156536 
-0.262388 
0.495786 
-0.388411 
0.086254 
0.437861 
-0.539267 
0.429011 
-0.001274 
-0.570444 
0.672695 
-0.461427 
-0.040986 
0.462313 
-0.651735 
0.390604 
0.085086 
-0.455773 
0.642281 
-0.476711 
-0.025833 
0.503794 
-0.684843 
0.400536 
0.012360 
-0.349675 
0.479703 
-0.262449 
-0.033108 
0.292677 
-0.294728 
0.066640 
0.057722 
-0.218499 
0.106504 
0.093047 
-0.341221 
0.173360 
0.020189 
-0.278388 
0.408817 
-0.284355 
-0.146133 
0.513105 
-0.672539 
0.216481 
0.151438 
-0.684177 
0.767533 
-0.432335 
-0.128782 
0.702364 
-0.905223 
0.455812 
0.158502 
-0.725925 
0.867819 
-0.648580 
0.028873 
0.699639 
-0.942017 
0.763490 
-0.117820 
-0.516236 
0.736753 
-0.690550 
0.212298 
0.278811 
-0.456904 
0.493993 
-0.281628 
-0.091325 
0.346546 
-0.404951 
0.376048 
-0.047274 
-0.076569 
0.216113 
-0.166416 
0.140837 
-0.187485 
0.092227 
-0.003698 
-0.296390 
0.328847 
-0.432054 
0.122328 
0.227090 
-0.512817 
0.637889 
-0.343862 
-0.185112 
0.686135 
-0.817626 
0.458491 
0.064291 
-0.625864 
0.861374 
-0.575656 
-0.018976 
0.611874 
-0.875664 
0.701737 
-0.118141 
-0.570190 
0.828657 
-0.619003 
0.064172 
0.455990 
-0.725976 
0.524239 
-0.022539 
-0.401572 
0.579379 
-0.410001 
0.050243 
0.412527 
-0.434368 
0.322400 
0.019842 
-0.303172 
0.339911 
-0.190451 
-0.235058 
0.451198 
-0.235982 
-0.038696 
0.339695 
-0.337177 
0.156537 
0.190796 
-0.514258 
0.408168 
-0.106262 
-0.204987 
0.509368 
-0.473385 
0.108023 
0.367348 
-0.589106 
0.488069 
-0.034967 
-0.514398 
0.719336 
-0.346306 
-0.129414 
0.454010 
-0.755384 
0.395244 
0.186553 
-0.676558 
0.737438 
-0.323155 
-0.164327 
0.592788 
-0.825794 
0.419019 
0.250582 
-0.720736 
0.876064 
-0.520556 
-0.220242 
0.789862 
-0.785661 
0.443076 
0.093777 
-0.589843 
0.709247 
-0.488476 
-0.185622 
0.617112 
-0.688492 
0.440423 
-0.001291 
-0.583964 
0.611833 
-0.388518 
-0.002665 
0.297583 
-0.428239 
0.366586 
-0.168621 
-0.102784 
0.270610 
-0.365943 
0.234630 
-0.024174 
-0.088687 
0.134837 
-0.256902 
0.123156 
-0.091194 
-0.086021 
0.192336 
-0.216264 
0.220181 
-0.130186 
-0.071230 
0.286336 
-0.370099 
0.294751 
-0.099830 
-0.181509 
0.432733 
-0.360989 
0.142530 
0.205952 
-0.425793 
0.409123 
-0.147605 
-0.190025 
0.401962 
-0.431305 
0.229628 
0.195716 
-0.434259 
0.446065 
-0.182352 
-0.126953 
0.250586 
-0.375667 
0.210288 
0.151379 
-0.246894 
0.443512 
-0.104060 
-0.108056 
0.232389 
-0.207242 
-0.018682 
0.172965 
-0.271294 
0.124280 
0.021452 
-0.193637 
0.263984 
-0.198837 
-0.036099 
0.310424 
-0.361407 
0.168275 
0.028146 
-0.390502 
0.512706 
-0.318578 
-0.058413 
0.367406 
-0.477025 
0.383832 
-0.061718 
-0.291711 
0.526055 
-0.469663 
0.149720 
0.201348 
-0.471781 
0.547183 
-0.248687 
-0.128737 
0.393978 
-0.565977 
0.331565 
-0.072906 
-0.322615 
0.535145 
-0.468279 
0.214330 
0.232336 
-0.498417 
0.493977 
-0.300118 
-0.090750 
0.418957 
-0.586811 
0.337937 
-0.019585 
-0.364782 
0.506677 
-0.344880 
0.061725 
0.250885 
-0.374863 
0.383036 
-0.147598 
-0.122453 
0.213002 
-0.304538 
0.168545 
0.034666 
-0.174868 
0.223676 
-0.085550 
0.045760 
0.124783 
-0.119871 
0.014494 
-0.008086 
-0.000541 
0.010164 
0.058842 
-0.073131 
-0.065845 
0.073890 
-0.114242 
0.089266 
0.037436 
-0.130157 
0.186133 
-0.120696 
-0.025934 
0.186852 
-0.222173 
0.162435 
0.073945 
-0.192685 
0.306208 
-0.236662 
0.073983 
0.166444 
-0.320993 
0.236667 
-0.088025 
-0.085828 
0.235451 
-0.175731 
0.067358 
0.086039 
-0.100385 
0.158702 
-0.038015 
0.037948 
0.048888 
-0.202116 
0.100019 
-0.036303 
-0.036778 
-0.038011 
-0.052107 
0.143882 
-0.121117 
0.125456 
-0.020651 
-0.165553 
0.199772 
-0.347472 
0.084898 
0.030636 
-0.289214 
0.407267 
-0.282627 
-0.085802 
0.261537 
-0.484081 
0.370797 
-0.001449 
-0.393119 
0.569079 
-0.557246 
0.081028 
0.353841 
-0.592497 
0.578744 
-0.245626 
-0.309129 
0.609459 
-0.689502 
0.375007 
0.188590 
-0.509189 
0.624023 
-0.429033 
-0.019378 
0.378880 
-0.617525 
0.481606 
-0.083959 
-0.268668 
0.485679 
-0.358769 
0.236083 
0.197685 
-0.367221 
0.377599 
-0.323909 
0.042560 
0.166414 
-0.235149 
0.255372 
-0.167795 
-0.041055 
0.105119 
-0.242331 
0.293069 
-0.236147 
-0.044886 
0.207286 
-0.363567 
0.315723 
-0.164390 
-0.054645 
0.405312 
-0.445807 
0.212032 
0.120575 
-0.301648 
0.412021 
-0.393821 
0.106453 
0.284564 
-0.470790 
0.382121 
-0.149636 
-0.143362 
0.281336 
-0.382680 
0.164927 
0.043461 
-0.260773 
0.252392 
-0.181073 
0.014768 
0.168650 
-0.166941 
0.072003 
-0.038185 
0.030723 
-0.120268 
0.053479 
-0.035930 
-0.093986 
0.222927 
-0.265523 
0.109166 
0.173955 
-0.415632 
0.485483 
-0.216018 
-0.159856 
0.554376 
-0.597273 
0.380069 
0.024471 
-0.586688 
0.756698 
-0.587071 
0.047674 
0.602242 
-0.899512 
0.834019 
-0.241083 
-0.497983 
1.020223 
-0.987632 
0.421395 
0.365790 
-0.873277 
1.022918 
-0.614061 
-0.244896 
0.708639 
-1.035029 
0.677326 
-0.060790 
-0.675755 
1.033077 
-0.851502 
0.189941 
0.488949 
-0.968326 
0.927116 
-0.389609 
-0.266839 
0.840256 
-0.922046 
0.606734 
-0.038058 
-0.591431 
0.905422 
-0.653932 
0.178723 
0.354973 
-0.804166 
0.739760 
-0.473319 
-0.120127 
0.668647 
-0.857547 
0.629332 
-0.053827 
-0.547526 
0.849412 
-0.757179 
0.251032 
0.407489 
-0.838936 
0.859675 
-0.457724 
-0.227082 
0.639266 
-0.905139 
0.618793 
0.013070 
-0.673852 
0.908567 
-0.779612 
0.157135 
0.523725 
-0.848670 
0.820819 
-0.260577 
-0.388141 
0.796637 
-0.818713 
0.396643 
0.187063 
-0.647485 
0.821553 
-0.599911 
-0.036436 
0.592290 
-0.714273 
0.586128 
-0.103719 
-0.287720 
0.662401 
-0.600668 
0.177531 
0.176201 
-0.512755 
0.569578 
-0.300916 
0.018416 
0.403550 
-0.532262 
0.360141 
-0.143341 
-0.202929 
0.488877 
-0.404849 
0.223447 
0.170423 
-0.312841 
0.364346 
-0.241109 
0.054224 
0.281046 
-0.390844 
0.321192 
-0.158198 
-0.084190 
0.347204 
-0.303169 
0.203917 
0.032043 
-0.196069 
0.335674 
-0.244025 
-0.100357 
0.144281 
-0.260956 
0.259538 
0.003716 
-0.272064 
0.338805 
-0.097204 
-0.036902 
0.210999 
-0.268491 
0.105722 
0.172539 
-0.319646 
0.308069 
-0.039215 
-0.091782 
0.364616 
-0.284433 
0.037392 
0.196846 
-0.280081 
0.430485 
-0.041572 
-0.275476 
0.494891 
-0.438540 
0.081047 
0.300672 
-0.498367 
0.434125 
-0.139121 
-0.272906 
0.522442 
-0.512298 
0.113355 
0.255340 
-0.399162 
0.455972 
-0.210183 
-0.093102 
0.443056 
-0.340259 
0.255960 
0.085606 
-0.316743 
0.341039 
-0.143752 
0.006834 
0.263821 
-0.246515 
0.132741 
0.025475 
-0.041548 
0.099182 
0.033411 
-0.029089 
-0.037809 
0.052886 
-0.114240 
0.100414 
0.105897 
-0.250886 
0.237564 
-0.176646 
-0.117821 
0.337165 
-0.432357 
0.190964 
0.054613 
-0.325569 
0.499870 
-0.315793 
0.030112 
0.343797 
-0.522159 
0.426020 
-0.052539 
-0.287344 
0.563532 
-0.487996 
0.157895 
0.198804 
-0.503723 
0.413130 
-0.201029 
-0.010195 
0.325952 
-0.366499 
0.285149 
-0.046413 
-0.185807 
0.268606 
-0.180735 
0.079510 
0.045826 
-0.083769 
0.171786 
-0.104420 
0.225024 
-0.144380 
0.008266 
0.127840 
-0.218015 
0.314048 
-0.144092 
0.043079 
0.310506 
-0.489052 
0.417544 
-0.160928 
-0.342692 
0.567407 
-0.477063 
0.150436 
0.256255 
-0.622815 
0.635871 
-0.300765 
-0.163115 
0.520049 
-0.693672 
0.399955 
0.042303 
-0.607011 
0.737016 
-0.551399 
0.059886 
0.384234 
-0.616321 
0.453413 
-0.130095 
-0.337662 
0.596578 
-0.481534 
0.084550 
0.299958 
-0.548896 
0.426009 
-0.159003 
-0.169919 
0.369990 
-0.302949 
0.114015 
0.169797 
-0.306701 
0.232404 
-0.053350 
-0.151014 
0.212917 
-0.193575 
-0.037562 
0.176313 
-0.137752 
0.103013 
0.048709 
-0.222855 
0.119078 
-0.034592 
-0.125748 
0.173663 
-0.235263 
0.113466 
0.141947 
-0.163063 
0.236559 
-0.070219 
0.001861 
0.167478 
-0.131060 
0.047249 
-0.004266 
-0.051147 
0.173726 
-0.025739 
0.041395 
-0.027544 
-0.008726 
0.000557 
0.026103 
0.085900 
-0.208994 
0.120300 
-0.095901 
-0.011293 
0.159595 
-0.176746 
0.254650 
0.046521 
-0.259493 
0.377569 
-0.195144 
0.006384 
0.264640 
-0.400680 
0.304004 
-0.171595 
-0.229367 
0.505233 
-0.507767 
0.261893 
0.200894 
-0.414319 
0.659431 
-0.420594 
0.030325 
0.307436 
-0.567541 
0.565317 
-0.257926 
-0.115888 
0.616109 
-0.731562 
0.431597 
0.025757 
-0.382189 
0.729004 
-0.703692 
0.232465 
0.245487 
-0.614939 
0.724083 
-0.454311 
0.038045 
0.476104 
-0.775288 
0.628687 
-0.194568 
-0.260280 
0.668803 
-0.721273 
0.429897 
0.025804 
-0.455139 
0.650825 
-0.589819 
0.256424 
0.203101 
-0.652997 
0.753046 
-0.477395 
0.041827 
0.361618 
-0.658227 
0.556791 
-0.290791 
-0.142884 
0.468005 
-0.694956 
0.422767 
-0.145271 
-0.244725 
0.620052 
-0.504400 
0.268954 
0.084095 
-0.388492 
0.549612 
-0.464574 
0.203486 
0.258267 
-0.444491 
0.425680 
-0.281484 
0.022227 
0.243928 
-0.410973 
0.429136 
-0.094316 
-0.074040 
0.358386 
-0.391166 
0.252107 
0.043966 
-0.268060 
0.359508 
-0.284966 
0.102456 
0.118908 
-0.176268 
0.253690 
-0.110869 
-0.087544 
0.201242 
-0.149883 
0.030132 
0.006635 
-0.052799 
0.022081 
0.080801 
-0.080602 
0.103076 
0.020961 
-0.194257 
0.169911 
-0.114433 
-0.014459 
0.210014 
-0.280303 
0.290559 
-0.004065 
-0.293781 
0.548770 
-0.410173 
0.159720 
0.248986 
-0.544807 
0.661611 
-0.297421 
-0.143964 
0.541035 
-0.683913 
0.381389 
-0.002179 
-0.530502 
0.816622 
-0.594905 
0.174268 
0.369495 
-0.710455 
0.642968 
-0.302460 
-0.165690 
0.624515 
-0.738978 
0.447438 
-0.103048 
-0.400456 
0.616067 
-0.498330 
0.183900 
0.224747 
-0.520680 
0.543307 
-0.331182 
-0.017290 
0.323941 
-0.467265 
0.366234 
-0.037594 
-0.065241 
0.244360 
-0.276015 
0.188672 
-0.058694 
-0.077664 
0.182109 
-0.131231 
0.163315 
-0.121143 
-0.048982 
0.038233 
-0.232396 
0.285820 
-0.260654 
0.033974 
0.139111 
-0.270838 
0.296823 
-0.140913 
-0.013853 
0.156937 
-0.384609 
0.300822 
-0.108940 
-0.142073 
0.329032 
-0.420487 
0.324863 
-0.094972 
-0.161469 
0.389804 
-0.387263 
0.269939 
0.014317 
-0.268015 
0.406281 
-0.416911 
0.200079 
0.208245 
-0.343975 
0.471466 
-0.347671 
0.096829 
0.246173 
-0.549048 
0.593474 
-0.223766 
-0.081461 
0.390020 
-0.535794 
0.515838 
-0.183182 
-0.214983 
0.550642 
-0.544858 
0.228678 
-0.010042 
-0.368828 
0.539493 
-0.489255 
0.079250 
0.277144 
-0.455561 
0.518912 
-0.281521 
0.016634 
0.259223 
-0.475008 
0.438721 
-0.236975 
-0.057061 
0.305585 
-0.504837 
0.414173 
-0.198554 
-0.155415 
0.436415 
-0.482440 
0.385288 
-0.151670 
-0.322561 
0.464852 
-0.527087 
0.394812 
0.048553 
-0.555847 
0.672836 
-0.434057 
0.078447 
0.472339 
-0.651097 
0.668262 
-0.307026 
-0.252249 
0.690442 
-0.654319 
0.420922 
0.123811 
-0.623266 
0.712261 
-0.525644 
0.103883 
0.486358 
-0.763152 
0.622078 
-0.131638 
-0.381452 
0.712815 
-0.623142 
0.203090 
0.202169 
-0.547617 
0.418635 
-0.258143 
-0.234852 
0.582272 
-0.561980 
0.309087 
0.158157 
-0.416709 
0.439280 
-0.276366 
-0.061952 
0.288243 
-0.352227 
0.284981 
0.057581 
-0.244433 
0.303340 
-0.149322 
-0.041937 
0.221936 
-0.166025 
-0.011667 
0.024111 
-0.226032 
0.150961 
-0.003618 
-0.163565 
0.180022 
-0.036318 
-0.095757 
0.240652 
-0.296419 
0.051169 
0.121588 
-0.244232 
0.326112 
-0.009030 
-0.180172 
0.470665 
-0.409236 
0.143949 
0.150220 
-0.519870 
0.494750 
-0.241820 
-0.184007 
0.525569 
-0.558093 
0.391811 
0.151903 
-0.543053 
0.699077 
-0.522728 
0.003520 
0.480244 
-0.809654 
0.686259 
-0.220420 
-0.445073 
0.832045 
-0.871663 
0.452089 
0.220077 
-0.737156 
0.964879 
-0.606085 
0.014722 
0.693102 
-0.965149 
0.802625 
-0.303365 
-0.439289 
0.999622 
-0.912757 
0.544746 
0.184366 
-0.686652 
1.023507 
-0.761738 
0.076561 
0.618636 
-0.896301 
0.871103 
-0.354070 
-0.290861 
0.825974 
-0.866059 
0.495678 
-0.006111 
-0.520608 
0.732891 
-0.594261 
0.170358 
0.227327 
-0.575259 
0.532573 
-0.332512 
-0.001760 
0.250627 
-0.465527 
0.399116 
-0.137303 
-0.026668 
0.352042 
-0.403770 
0.346371 
-0.178526 
0.036285 
0.251984 
-0.302055 
0.373547 
-0.238346 
0.041373 
0.336170 
-0.537545 
0.413329 
-0.169344 
-0.161532 
0.518810 
-0.576241 
0.436206 
0.034723 
-0.416098 
0.662090 
-0.600303 
0.223491 
0.304674 
-0.626041 
0.633985 
-0.305726 
-0.157190 
0.522377 
-0.666819 
0.484499 
0.081630 
-0.382897 
0.565793 
-0.401025 
0.130722 
0.204046 
-0.546783 
0.271289 
-0.147791 
-0.110979 
0.312402 
-0.243412 
0.076932 
0.094893 
-0.253048 
0.113575 
0.056045 
-0.155252 
0.174062 
-0.012564 
-0.161074 
0.289269 
-0.301185 
-0.014308 
0.241654 
-0.489124 
0.355869 
-0.065768 
-0.371736 
0.648835 
-0.450788 
0.076819 
0.401589 
-0.721895 
0.633342 
-0.275768 
-0.331456 
0.738573 
-0.782592 
0.435961 
0.174184 
-0.692957 
0.784089 
-0.576886 
0.049048 
0.585065 
-0.837151 
0.596090 
-0.230742 
-0.310011 
0.657553 
-0.601017 
0.383728 
0.128183 
-0.563568 
0.639557 
-0.468511 
0.191807 
0.271305 
-0.372556 
0.455402 
-0.244542 
0.033167 
0.169748 
-0.400906 
0.298569 
-0.166975 
0.049693 
0.133482 
-0.278090 
0.297263 
-0.240436 
0.072475 
0.201846 
-0.394993 
0.399332 
-0.315989 
0.021423 
0.328604 
-0.527875 
0.492207 
-0.302874 
-0.168175 
0.603140 
-0.629433 
0.423741 
0.092412 
-0.434595 
0.592087 
-0.602653 
0.183839 
0.252779 
-0.568084 
0.660718 
-0.315134 
-0.117779 
0.442644 
-0.561471 
0.378414 
-0.153481 
-0.322344 
0.571660 
-0.460170 
0.219806 
0.095074 
-0.355936 
0.378904 
-0.280456 
0.068100 
0.119614 
-0.286175 
0.432413 
-0.170548 
0.045256 
0.093771 
-0.335305 
0.284085 
-0.162677 
0.023842 
0.168463 
-0.223006 
0.257447 
-0.192863 
0.031747 
0.165065 
-0.263366 
0.279745 
-0.120894 
-0.085969 
0.250716 
-0.256973 
0.217015 
-0.105535 
-0.153206 
0.282283 
-0.215134 
0.003278 
0.050087 
-0.191232 
0.239734 
-0.209239 
0.068880 
0.037145 
-0.221830 
0.282275 
-0.254297 
0.096882 
0.046088 
-0.167792 
0.259193 
-0.233017 
0.116254 
0.152325 
-0.390112 
0.322073 
-0.173275 
-0.154439 
0.370047 
-0.393885 
0.241982 
-0.019216 
-0.342458 
0.461763 
-0.300828 
0.022619 
0.207051 
-0.484245 
0.396417 
-0.125222 
-0.282147 
0.426367 
-0.369670 
0.085290 
0.226913 
-0.481182 
0.382013 
-0.093510 
-0.182163 
0.412336 
-0.339402 
0.081490 
0.196149 
-0.422592 
0.361090 
-0.035094 
-0.118694 
0.306997 
-0.296028 
-0.080655 
0.319477 
-0.308239 
0.258505 
0.083245 
-0.297716 
0.382727 
-0.107801 
-0.107772 
0.337143 
-0.210092 
0.143017 
0.160506 
-0.347897 
0.431075 
-0.176517 
-0.123925 
0.294382 
-0.248621 
0.186106 
0.182939 
-0.309619 
0.417405 
-0.134059 
-0.094920 
0.398724 
-0.335318 
0.163307 
0.070619 
-0.210596 
0.234494 
-0.083265 
-0.111701 
0.264611 
-0.167445 
0.093807 
0.145066 
-0.120691 
0.129455 
-0.011731 
-0.137343 
0.089393 
-0.005881 
-0.087464 
0.069106 
-0.116495 
-0.007040 
0.090757 
-0.087050 
0.016824 
0.042345 
-0.158422 
0.157222 
-0.046379 
-0.203289 
0.141998 
-0.161559 
0.061535 
0.135775 
-0.306366 
0.217173 
-0.062707 
-0.137084 
0.259248 
-0.305670 
0.158648 
0.004103 
-0.242586 
0.274056 
-0.243634 
0.019376 
0.220027 
-0.315645 
0.267271 
-0.146995 
-0.042017 
0.299736 
-0.168637 
0.141218 
-0.013622 
-0.185885 
0.335179 
-0.282204 
0.111387 
0.068677 
-0.262275 
0.343081 
-0.301633 
0.073642 
0.208398 
-0.424143 
0.418311 
-0.182030 
-0.119095 
0.475466 
-0.471060 
0.212938 
0.045117 
-0.290609 
0.450491 
-0.252678 
0.011482 
0.268908 
-0.440913 
0.366865 
-0.166120 
-0.161507 
0.469584 
-0.438016 
0.140420 
0.163869 
-0.375655 
0.396924 
-0.212651 
-0.013899 
0.227062 
-0.307306 
0.188741 
-0.003830 
-0.195682 
0.235652 
-0.088172 
0.018001 
0.091177 
-0.110650 
0.057936 
-0.069009 
0.002595 
0.045296 
0.056610 
0.044968 
-0.040734 
0.120602 
-0.052064 
0.016958 
0.040310 
-0.187256 
0.148543 
0.060274 
-0.127728 
0.191788 
-0.214451 
0.085590 
0.142560 
-0.305319 
0.245404 
-0.103932 
-0.122222 
0.428762 
-0.267135 
0.123135 
0.215651 
-0.394438 
0.240238 
-0.000667 
-0.225150 
0.425344 
-0.356862 
-0.010623 
0.236038 
-0.492525 
0.408848 
-0.118145 
-0.309154 
0.488917 
-0.501197 
0.190117 
0.243006 
-0.486377 
0.396313 
-0.076149 
-0.144048 
0.474828 
-0.491103 
0.168392 
0.107469 
-0.420290 
0.546407 
-0.247716 
-0.187828 
0.325038 
-0.388579 
0.252169 
-0.020283 
-0.217882 
0.265592 
-0.195795 
0.095342 
0.018924 
-0.190058 
0.259186 
-0.147377 
0.131412 
0.048838 
-0.178867 
0.243654 
-0.210221 
0.064476 
0.123238 
-0.252691 
0.325027 
-0.267363 
0.042833 
0.148088 
-0.433259 
0.399810 
-0.218979 
-0.025625 
0.359741 
-0.305583 
0.195669 
0.099292 
-0.293871 
0.417190 
-0.333977 
0.008982 
0.259304 
-0.286283 
0.224564 
0.000353 
-0.221088 
0.210360 
-0.121469 
-0.033275 
0.098493 
-0.170013 
0.072352 
0.098612 
-0.223024 
0.001849 
0.113466 
-0.366947 
0.231963 
-0.028083 
-0.243700 
0.466443 
-0.415412 
0.079374 
0.401658 
-0.554646 
0.587232 
-0.092741 
-0.377796 
0.625906 
-0.624688 
0.343246 
0.337090 
-0.784488 
0.800912 
-0.423818 
-0.154235 
0.757707 
-0.874405 
0.565392 
0.101148 
-0.612080 
0.837535 
-0.648885 
0.033389 
0.500746 
-0.738065 
0.620996 
-0.250588 
-0.388737 
0.573293 
-0.530660 
0.270149 
0.140122 
-0.446864 
0.459901 
-0.279489 
0.007164 
0.235172 
-0.182080 
0.157788 
-0.041909 
-0.044466 
0.132047 
-0.070104 
0.121984 
-0.005382 
0.084729 
-0.122945 
-0.014980 
0.132084 
-0.193892 
0.199475 
-0.099463 
-0.112200 
0.344974 
-0.335355 
0.191269 
0.018216 
-0.229213 
0.359580 
-0.296346 
0.069943 
0.194914 
-0.292032 
0.402349 
-0.103569 
-0.052644 
0.324209 
-0.317792 
0.209370 
0.028243 
-0.100599 
0.261044 
-0.119212 
0.021395 
0.046135 
-0.200551 
0.177844 
-0.142510 
0.073536 
0.069265 
-0.141104 
0.183330 
-0.163939 
0.097259 
0.017569 
-0.127985 
0.162595 
-0.156985 
-0.003530 
0.040949 
-0.140996 
0.241235 
-0.029999 
0.072735 
0.098891 
-0.121393 
0.130485 
-0.065211 
-0.008951 
0.113077 
-0.073121 
0.060129 
-0.023240 
-0.002022 
0.031502 
-0.121738 
0.045338 
-0.040812 
0.091595 
-0.124953 
-0.045786 
0.082550 
-0.157175 
0.229438 
-0.078468 
0.008073 
0.191501 
-0.354230 
0.212365 
-0.047941 
-0.210204 
0.462113 
-0.442680 
0.208158 
0.180355 
-0.532968 
0.592755 
-0.320997 
-0.081097 
0.529899 
-0.651893 
0.500160 
-0.081542 
-0.521070 
0.845939 
-0.676891 
0.238344 
0.345220 
-0.788211 
0.804823 
-0.433719 
-0.186322 
0.704412 
-0.956582 
0.483414 
0.060745 
-0.700351 
1.025806 
-0.700740 
0.020758 
0.544185 
-0.973100 
0.858362 
-0.241384 
-0.543557 
0.915564 
-0.828758 
0.386251 
0.449829 
-0.897389 
0.860663 
-0.433626 
-0.318291 
0.833750 
-0.909186 
0.405097 
0.218845 
-0.776198 
0.852056 
-0.464601 
-0.162220 
0.812117 
-0.828329 
0.392144 
0.189935 
-0.686225 
0.859055 
-0.386686 
-0.174854 
0.614062 
-0.767058 
0.385119 
0.141247 
-0.647657 
0.819344 
-0.504303 
-0.124398 
0.569116 
-0.744290 
0.362236 
0.070385 
-0.506012 
0.638598 
-0.302702 
-0.118958 
0.478806 
-0.665246 
0.367976 
0.101627 
-0.341571 
0.431422 
-0.187924 
-0.137821 
0.342685 
-0.366700 
0.068756 
0.191226 
-0.340579 
0.217308 
0.068919 
-0.242419 
0.351023 
-0.186698 
-0.135090 
0.444805 
-0.462649 
0.187466 
0.254005 
-0.427211 
0.521203 
-0.260479 
-0.204475 
0.567344 
-0.599995 
0.320844 
0.268230 
-0.568352 
0.763858 
-0.383341 
-0.141953 
0.603291 
-0.799534 
0.512846 
0.071279 
-0.666319 
0.788397 
-0.588307 
-0.034439 
0.491855 
-0.729154 
0.656248 
-0.143828 
-0.326863 
0.739777 
-0.640648 
0.251883 
0.255399 
-0.639367 
0.665667 
-0.257929 
-0.213102 
0.512897 
-0.505041 
0.317636 
0.093868 
-0.428634 
0.514145 
-0.230278 
0.051500 
0.262585 
-0.340132 
0.224976 
0.123653 
-0.194636 
0.295563 
-0.254826 
-0.066055 
0.234650 
-0.122582 
0.094450 
0.153277 
-0.204777 
0.152814 
0.021528 
-0.068760 
0.201609 
-0.164769 
0.028655 
0.108217 
-0.262001 
0.163932 
-0.013355 
-0.215685 
0.161567 
-0.193246 
0.043316 
0.199576 
-0.137944 
0.184561 
-0.122830 
-0.099962 
0.291916 
-0.251206 
0.134816 
0.016627 
-0.136307 
0.244983 
-0.151821 
0.052902 
0.096693 
-0.143145 
0.177324 
-0.097203 
-0.075273 
0.144149 
-0.180962 
0.117110 
-0.148286 
-0.013630 
0.144079 
-0.158010 
0.154000 
-0.013616 
-0.045864 
0.238876 
-0.157080 
0.051917 
0.063996 
-0.076460 
0.274730 
-0.210240 
0.043750 
0.213790 
-0.265734 
0.283908 
-0.046105 
-0.186367 
0.333314 
-0.235885 
0.052780 
0.243407 
-0.356538 
0.364847 
-0.062742 
-0.289585 
0.467466 
-0.414960 
0.126351 
0.280544 
-0.520565 
0.559476 
-0.204357 
-0.286735 
0.606769 
-0.644298 
0.243382 
0.240926 
-0.602978 
0.748678 
-0.372590 
-0.104942 
0.681140 
-0.830183 
0.479517 
0.069947 
-0.649160 
0.857857 
-0.584849 
0.042665 
0.623073 
-0.881455 
0.653048 
-0.143201 
-0.417485 
0.844921 
-0.777574 
0.251771 
0.356549 
-0.786798 
0.816741 
-0.347325 
-0.141803 
0.623925 
-0.776676 
0.411227 
0.075012 
-0.559300 
0.680044 
-0.502255 
0.004339 
0.342438 
-0.602408 
0.515479 
-0.109908 
-0.186477 
0.554344 
-0.430080 
0.111881 
0.202559 
-0.400663 
0.265976 
0.029827 
-0.218758 
0.352089 
-0.234361 
0.080817 
0.067699 
-0.305204 
0.063936 
0.041192 
-0.232643 
0.209854 
-0.153062 
0.037999 
0.234740 
-0.236580 
0.164373 
0.038297 
-0.258311 
0.269235 
-0.106711 
-0.015200 
0.270117 
-0.282810 
0.224588 
0.127375 
-0.199705 
0.284105 
-0.167893 
-0.040519 
0.228050 
-0.240596 
0.009174 
0.048960 
-0.185113 
0.162249 
-0.036533 
-0.017498 
0.108957 
-0.039939 
-0.049328 
0.130834 
-0.083456 
0.015427 
0.150100 
-0.246628 
0.221735 
0.122438 
-0.344796 
0.377459 
-0.284848 
-0.075395 
0.409836 
-0.560163 
0.349360 
0.049066 
-0.467510 
0.661158 
-0.421772 
0.005245 
0.519356 
-0.742047 
0.549089 
-0.011539 
-0.579503 
0.720395 
-0.628369 
0.137835 
0.471485 
-0.831752 
0.570740 
-0.069755 
-0.514933 
0.773001 
-0.515410 
0.123170 
0.369806 
-0.698747 
0.582486 
-0.069046 
-0.385771 
0.594901 
-0.412606 
-0.062660 
0.417501 
-0.500326 
0.376242 
0.170896 
-0.385276 
0.467039 
-0.185922 
-0.243296 
0.531486 
-0.416182 
0.006420 
0.323121 
-0.599491 
0.447455 
-0.015655 
-0.440162 
0.607057 
-0.500825 
-0.546084 
0.457232 
-0.004997 
-0.306721 
0.693160 
-0.693748 
0.210835 
0.364604 
-0.795046 
0.862433 
-0.383503 
-0.190769 
0.761892 
-0.986548 
0.496304 
0.029458 
-0.581004 
0.941982 
-0.624466 
0.011779 
0.581981 
-0.790975 
0.706545 
-0.157908 
-0.474196 
0.667718 
-0.556621 
0.067779 
0.289981 
-0.603055 
0.427529 
-0.071490 
-0.352614 
0.398577 
-0.312835 
0.033430 
0.273876 
-0.424305 
0.273388 
0.115996 
-0.357789 
0.378165 
-0.111513 
-0.158994 
0.390994 
-0.281086 
0.152501 
0.196156 
-0.396659 
0.320848 
-0.139327 
-0.156195 
0.412120 
-0.380030 
0.083505 
0.136563 
-0.315279 
0.328427 
-0.159857 
-0.049646 
0.199688 
-0.248543 
0.178490 
0.015199 
-0.130020 
0.224372 
-0.097999 
0.037060 
0.023646 
-0.069486 
0.040987 
-0.108430 
0.047030 
-0.075967 
-0.082990 
0.072634 
-0.165845 
0.237532 
-0.137483 
0.022070 
0.096142 
-0.246359 
0.239926 
-0.130412 
-0.013278 
0.249883 
-0.325830 
0.286563 
-0.031471 
-0.061543 
0.308982 
-0.305428 
0.281264 
-0.004924 
-0.194173 
0.380594 
-0.387241 
0.139718 
0.136673 
-0.329664 
0.422846 
-0.331812 
0.006201 
0.344197 
-0.522422 
0.486848 
-0.253678 
-0.163817 
0.456154 
-0.615056 
0.442308 
0.040122 
-0.461326 
0.641429 
-0.564909 
0.079906 
0.287539 
-0.553427 
0.459123 
-0.082461 
-0.271878 
0.497409 
-0.428912 
0.216614 
0.218990 
-0.433496 
0.333465 
-0.031833 
-0.318419 
0.333608 
-0.203159 
-0.084375 
0.267198 
-0.307693 
0.078271 
0.256464 
-0.397918 
0.342291 
-0.083554 
-0.445474 
0.537556 
-0.454107 
-0.058650 
0.444618 
-0.800964 
0.577692 
-0.033887 
-0.557067 
0.877542 
-0.630054 
0.094447 
0.546294 
-0.888041 
0.770959 
-0.327834 
-0.467140 
0.923168 
-0.870794 
0.432373 
0.323488 
-0.768456 
0.952308 
-0.568852 
-0.048768 
0.717496 
-0.858441 
0.630431 
-0.121863 
-0.425720 
0.738196 
-0.631945 
0.328823 
0.024720 
-0.431502 
0.429036 
-0.472742 
0.121567 
0.175224 
-0.312901 
0.451364 
-0.310973 
0.203261 
0.069168 
-0.366523 
0.400928 
-0.334047 
0.232919 
0.155939 
-0.464750 
0.572031 
-0.465742 
-0.021104 
0.456706 
-0.718689 
0.577700 
-0.181980 
-0.391372 
0.781070 
-0.778580 
0.296714 
0.215210 
-0.710144 
0.863074 
-0.452959 
-0.211145 
0.775181 
-0.871542 
0.497575 
0.107668 
-0.661664 
0.848008 
-0.516490 
-0.051678 
0.617091 
-0.906917 
0.601573 
0.018903 
-0.614538 
0.839935 
-0.557301 
0.097453 
0.557143 
-0.813488 
0.809845 
-0.172035 
-0.425933 
0.900892 
-0.772929 
0.263707 
0.520795 
-0.824902 
0.761331 
-0.372009 
-0.322096 
0.759766 
-0.852794 
0.560707 
0.104693 
-0.640828 
0.920168 
-0.718529 
0.112183 
0.473791 
-0.879424 
0.845328 
-0.339836 
-0.281943 
0.811001 
-0.951697 
0.627238 
0.052122 
-0.644289 
1.088157 
-0.856245 
0.217378 
0.522085 
-0.936322 
0.992914 
-0.514033 
-0.190759 
0.763896 
-1.018362 
0.705604 
-0.090974 
-0.556653 
0.978816 
-0.871735 
0.382806 
0.245608 
-0.803375 
0.899982 
-0.589789 
0.025171 
0.536589 
-0.852246 
0.700121 
-0.277929 
-0.254196 
0.601792 
-0.759205 
0.493550 
-0.033558 
-0.430757 
0.619975 
-0.550507 
0.322082 
0.031445 
-0.412826 
0.556411 
-0.403708 
0.057047 
0.289295 
-0.429624 
0.461458 
-0.278969 
0.021444 
0.265241 
-0.356952 
0.461443 
-0.209942 
-0.052704 
0.278688 
-0.379412 
0.341349 
-0.166993 
-0.055373 
0.371204 
-0.400211 
0.365807 
-0.100036 
-0.021103 
0.303198 
-0.454616 
0.310517 
-0.129056 
-0.084786 
0.444248 
-0.540738 
0.379198 
0.003368 
-0.430473 
0.684157 
-0.597677 
0.231109 
0.231286 
-0.712915 
0.786942 
-0.445288 
-0.086757 
0.642587 
-0.865103 
0.624470 
-0.109174 
-0.621414 
0.957271 
-0.878604 
0.217245 
0.502316 
-0.919057 
0.958938 
-0.323723 
-0.329962 
0.913849 
-0.989678 
0.498110 
0.104040 
-0.880835 
0.851351 
-0.440020 
-0.112479 
0.711234 
-0.778066 
0.425594 
0.213710 
-0.636969 
0.746371 
-0.393019 
-0.145207 
0.637982 
-0.666943 
0.299193 
0.242915 
-0.546347 
0.522679 
-0.073685 
-0.296639 
0.596206 
-0.521207 
0.057651 
0.460779 
-0.620802 
0.347075 
0.058872 
-0.592067 
0.683482 
-0.349860 
-0.166730 
0.687240 
-0.749753 
0.397005 
0.239614 
-0.737639 
0.764490 
-0.400269 
-0.318786 
0.854077 
-0.900595 
0.424251 
0.367687 
-0.955686 
1.051835 
-0.486071 
-0.284864 
0.907492 
-1.061204 
0.678670 
0.189056 
-0.826969 
1.167572 
-0.652616 
-0.070268 
0.910331 
-1.159162 
0.820360 
0.007878 
-0.742865 
1.131444 
-0.944696 
0.134903 
0.599329 
-1.000850 
0.937482 
-0.302414 
-0.387954 
0.956862 
-0.930993 
0.461303 
0.159815 
-0.732777 
0.926676 
-0.687633 
0.116155 
0.568101 
-0.863820 
0.709648 
-0.247040 
-0.315821 
0.758755 
-0.743304 
0.375479 
0.099614 
-0.600971 
0.764712 
-0.597382 
0.003150 
0.456735 
-0.754387 
0.556452 
-0.217124 
-0.375973 
0.727296 
-0.707563 
0.334214 
0.195056 
-0.543123 
0.649970 
-0.489373 
0.027380 
0.511080 
-0.727085 
0.418097 
-0.183493 
-0.439633 
0.558237 
-0.522173 
0.182698 
0.268559 
-0.499966 
0.468817 
-0.309562 
-0.031274 
0.440525 
-0.427865 
0.242987 
0.092173 
-0.227301 
0.454581 
-0.295875 
0.102307 
0.105375 
-0.248298 
0.286310 
-0.176824 
0.011116 
0.099868 
-0.253578 
0.214793 
-0.199825 
0.116517 
0.121946 
-0.351830 
0.290480 
-0.204703 
0.081717 
0.282667 
-0.494393 
0.382060 
-0.070439 
-0.205971 
0.530749 
-0.635873 
0.379960 
0.169552 
-0.624205 
0.665774 
-0.477164 
-0.097869 
0.538784 
-0.732851 
0.724203 
-0.145913 
-0.369815 
0.786836 
-0.753665 
0.330459 
0.292259 
-0.697322 
0.755244 
-0.438177 
-0.094094 
0.574969 
-0.687652 
0.597592 
-0.036950 
-0.384593 
0.693582 
-0.592344 
0.287405 
0.069658 
-0.384806 
0.597920 
-0.406569 
0.137116 
0.217073 
-0.437703 
0.505126 
-0.288169 
0.163988 
0.186876 
-0.527621 
0.552429 
-0.424481 
0.026657 
0.435053 
-0.637183 
0.639833 
-0.234600 
-0.202225 
0.660397 
-0.848072 
0.666080 
-0.087147 
-0.696903 
0.974610 
-0.828702 
0.197029 
0.417008 
-0.863917 
1.022100 
-0.478758 
-0.280430 
0.903685 
-1.123466 
0.589969 
0.156069 
-0.693765 
1.023183 
-0.725363 
0.049132 
0.566019 
-0.918619 
0.754980 
-0.216627 
-0.518051 
0.732900 
-0.702635 
0.180485 
0.295740 
-0.543881 
0.432175 
-0.164895 
-0.129717 
0.409327 
-0.335868 
0.108204 
0.065776 
-0.096295 
0.097627 
-0.051459 
-0.012486 
0.041179 
0.088542 
-0.132720 
0.007774 
0.159210 
-0.256432 
0.271923 
-0.014862 
-0.219553 
0.316668 
-0.444705 
0.198348 
0.164749 
-0.535682 
0.617908 
-0.282931 
-0.228202 
0.623280 
-0.625551 
0.300156 
0.221786 
-0.665552 
0.633921 
-0.291214 
-0.192886 
0.644838 
-0.738199 
0.376927 
0.207251 
-0.582011 
0.713394 
-0.335668 
-0.214401 
0.618530 
-0.708110 
0.406497 
0.214693 
-0.581953 
0.716571 
-0.398117 
-0.211649 
0.560107 
-0.652851 
0.282212 
0.213341 
-0.558021 
0.568684 
-0.251902 
-0.153027 
0.480327 
-0.558716 
0.283284 
0.119248 
-0.334122 
0.541083 
-0.229529 
-0.136841 
0.280998 
-0.366525 
0.196504 
0.077470 
-0.229696 
0.238070 
-0.137147 
0.081998 
0.036104 
-0.156274 
0.106772 
-0.035374 
0.077304 
-0.075457 
-0.026619 
0.099715 
-0.161485 
0.083791 
0.012744 
-0.145453 
0.239801 
-0.263449 
0.105217 
0.142878 
-0.345735 
0.352159 
-0.165402 
-0.127585 
0.454576 
-0.556221 
0.219374 
0.106760 
-0.532395 
0.532766 
-0.269091 
-0.175843 
0.670911 
-0.655410 
0.292186 
0.264334 
-0.625543 
0.744921 
-0.425003 
-0.216606 
0.654122 
-0.767073 
0.394498 
0.227215 
-0.719192 
0.705885 
-0.382386 
-0.130157 
0.682015 
-0.725587 
0.269079 
0.208014 
-0.611240 
0.590451 
-0.242000 
-0.239643 
0.610101 
-0.600459 
0.132272 
0.349609 
-0.592433 
0.428701 
0.033494 
-0.407976 
0.483162 
-0.307815 
-0.202426 
0.587575 
-0.560263 
0.029196 
0.418778 
-0.716803 
0.560372 
-0.013438 
-0.617012 
0.897955 
-0.669020 
-0.063592 
0.691296 
-1.053837 
0.757916 
0.012779 
-0.785518 
1.214552 
-0.933415 
0.050668 
0.921351 
-1.395324 
1.061877 
-0.173340 
-0.836703 
1.420098 
-1.218983 
0.320444 
0.651413 
-1.308130 
1.165993 
-0.386749 
-0.552800 
1.247101 
-1.205813 
0.599024 
0.328835 
-0.942650 
1.082280 
-0.644293 
-0.163217 
0.691233 
-0.873408 
0.687761 
-0.154606 
-0.337987 
0.612411 
-0.559086 
0.345692 
0.040019 
-0.411425 
0.546039 
-0.464424 
0.273628 
0.048941 
-0.323327 
0.362833 
-0.434976 
0.309384 
0.096638 
-0.332160 
0.629735 
-0.544917 
0.236494 
0.230932 
-0.648387 
0.694466 
-0.320811 
-0.090201 
0.592883 
-0.803109 
0.587443 
-0.073575 
-0.509141 
0.738452 
-0.648221 
0.231286 
0.365118 
-0.859971 
0.697399 
-0.267860 
-0.227354 
0.614357 
-0.634590 
0.317019 
0.132356 
-0.385399 
0.565180 
-0.249691 
0.045554 
0.313928 
-0.369563 
0.197327 
-0.049852 
-0.215444 
0.196353 
-0.141400 
-0.027796 
0.004931 
-0.025932 
-0.038112 
0.018094 
0.088751 
-0.176275 
0.249146 
-0.099133 
-0.106631 
0.340803 
-0.370181 
0.251145 
0.033369 
-0.418176 
0.443005 
-0.302468 
-0.014622 
0.428984 
-0.587680 
0.298781 
0.013514 
-0.408196 
0.568022 
-0.396741 
0.179367 
0.260654 
-0.424978 
0.381124 
-0.227256 
-0.223019 
0.361539 
-0.481574 
0.300921 
0.061714 
-0.334800 
0.445927 
-0.306773 
0.020681 
0.168012 
-0.298137 
0.292810 
-0.114791 
0.002493 
0.168103 
-0.208697 
0.210782 
-0.109743 
0.018998 
0.208171 
-0.284695 
0.291810 
-0.161024 
-0.194330 
0.332250 
-0.341245 
0.316937 
-0.054964 
-0.280217 
0.532885 
-0.397596 
0.101699 
0.296954 
-0.541215 
0.501309 
-0.211697 
-0.169674 
0.423187 
-0.593401 
0.271927 
0.050047 
-0.430132 
0.541864 
-0.322879 
-0.012924 
0.369999 
-0.493395 
0.341163 
-0.023928 
-0.295982 
0.401759 
-0.213274 
0.016050 
0.185499 
-0.178683 
0.203440 
-0.022360 
-0.124063 
0.119773 
-0.053176 
-0.170844 
0.091331 
-0.056575 
-0.085641 
0.199028 
-0.199365 
-0.009514 
0.173613 
-0.302057 
0.221437 
-0.007894 
-0.262461 
0.472805 
-0.278660 
0.106087 
0.202035 
-0.429877 
0.378576 
-0.167246 
-0.122266 
0.521899 
-0.375050 
0.236462 
0.101731 
-0.347833 
0.421321 
-0.310369 
0.077745 
0.149216 
-0.245707 
0.392893 
-0.223945 
0.080218 
0.084458 
-0.245450 
0.286050 
-0.233314 
0.171266 
0.047350 
-0.308786 
0.422353 
-0.442806 
0.163445 
0.247581 
-0.612918 
0.661937 
-0.393938 
-0.073393 
0.609257 
-0.767784 
0.678664 
-0.137921 
-0.549442 
1.056664 
-0.883277 
0.367378 
0.390497 
-0.967221 
1.159910 
-0.577177 
-0.202154 
0.991389 
-1.076619 
0.822816 
0.094000 
-0.758899 
1.057362 
-0.822295 
0.200047 
0.512832 
-0.897962 
0.758156 
-0.175620 
-0.288302 
0.613436 
-0.658058 
0.272038 
0.191327 
-0.367022 
0.303265 
-0.034893 
-0.023754 
0.193972 
0.021896 
-0.193609 
0.290540 
0.050204 
-0.325402 
0.603732 
-0.463706 
-0.048279 
0.597200 
-0.897748 
0.828538 
-0.084506 
-0.784881 
1.238631 
-1.068750 
0.211568 
0.791147 
-1.496117 
1.497943 
-0.622130 
-0.675959 
1.591922 
-1.754762 
0.854088 
0.375795 
-1.577665 
1.847272 
-1.200834 
-0.136519 
1.555148 
-1.839176 
1.380004 
-0.174457 
-1.212384 
1.834199 
-1.513272 
0.437502 
0.812074 
-1.502541 
1.485143 
-0.595791 
-0.446375 
1.141143 
-1.271531 
0.651418 
0.214090 
-0.831266 
0.975366 
-0.574664 
0.040567 
0.368343 
-0.544152 
0.379084 
-0.031089 
-0.124890 
0.262917 
-0.108734 
0.139454 
-0.132377 
0.199484 
-0.198084 
0.069700 
0.251339 
-0.473324 
0.474701 
-0.266650 
-0.180984 
0.628240 
-0.700815 
0.382452 
0.232104 
-0.665239 
0.871200 
-0.504224 
-0.131745 
0.722568 
-0.847822 
0.693477 
-0.011908 
-0.694882 
0.840810 
-0.655688 
0.005604 
0.551154 
-0.786087 
0.491223 
-0.004707 
-0.445481 
0.632448 
-0.391584 
-0.061075 
0.435548 
-0.515290 
0.228127 
0.170592 
-0.352137 
0.303752 
0.002593 
-0.332430 
0.432625 
-0.192476 
-0.092916 
0.403329 
-0.543718 
0.227648 
0.195280 
-0.686631 
0.674511 
-0.267522 
-0.201044 
0.783227 
-0.761087 
0.384476 
0.252795 
-0.743511 
0.789896 
-0.452799 
-0.052710 
0.634584 
-0.741899 
0.486182 
0.048695 
-0.529254 
0.669298 
-0.462480 
0.038030 
0.358925 
-0.557807 
0.465808 
-0.231483 
-0.069164 
0.292429 
-0.453410 
0.253615 
-0.094063 
-0.103271 
0.235973 
-0.325260 
0.200073 
-0.082143 
-0.116668 
0.195381 
-0.330978 
0.434851 
-0.111036 
-0.160463 
0.492834 
-0.456841 
0.396596 
0.136966 
-0.501603 
0.774012 
-0.521936 
0.064519 
0.403642 
-0.831636 
0.774635 
-0.315923 
-0.387524 
0.945842 
-0.850305 
0.401458 
0.257665 
-0.850885 
0.971791 
-0.617758 
-0.113094 
0.759495 
-1.059233 
0.820309 
-0.083709 
-0.630700 
1.065506 
-0.877565 
0.276331 
0.478891 
-0.974551 
1.029447 
-0.467730 
-0.186871 
0.773271 
-0.978715 
0.602901 
0.051166 
-0.694428 
1.036831 
-0.754540 
0.180803 
0.526987 
-0.858044 
0.786163 
-0.369984 
-0.314615 
0.824221 
-0.832390 
0.461594 
0.096815 
-0.676408 
0.747748 
-0.477268 
0.024257 
0.499424 
-0.750488 
0.563402 
-0.208208 
-0.369118 
0.557145 
-0.643413 
0.199261 
0.187262 
-0.411680 
0.433863 
-0.251794 
-0.120280 
0.381008 
-0.275280 
0.146010 
0.130299 
-0.198658 
0.149315 
-0.017222 
-0.060691 
0.180245 
-0.048439 
0.023997 
0.066960 
-0.075041 
-0.096139 
0.203427 
-0.238238 
-0.001522 
0.092484 
-0.343240 
0.283800 
-0.184328 
-0.255512 
0.454059 
-0.430451 
0.066221 
0.332256 
-0.428339 
0.482031 
-0.136660 
-0.304006 
0.514975 
-0.438603 
0.075626 
0.336058 
-0.543363 
0.357790 
-0.053086 
-0.368153 
0.411842 
-0.372456 
-0.022932 
0.370212 
-0.417253 
0.233642 
0.176349 
-0.390167 
0.381399 
-0.017213 
-0.230347 
0.390606 
-0.372698 
-0.001414 
0.409654 
-0.436608 
0.404205 
0.200668 
-0.512429 
0.521135 
-0.253896 
-0.308522 
0.597456 
-0.528679 
0.229599 
0.385991 
-0.759888 
0.564785 
-0.107104 
-0.461346 
0.826474 
-0.662322 
0.069881 
0.577276 
-0.880331 
0.675901 
0.004367 
-0.667695 
0.944327 
-0.594298 
-0.066599 
0.760884 
-0.922363 
0.599773 
0.238014 
-0.861911 
0.956061 
-0.525232 
-0.267433 
0.855361 
-0.929247 
0.525235 
0.307029 
-0.925955 
0.866969 
-0.343858 
-0.344253 
0.976083 
-0.978503 
0.447807 
0.405935 
-1.017606 
0.956875 
-0.277029 
-0.508645 
0.936943 
-0.872731 
0.334132 
0.470622 
-0.888265 
0.794586 
-0.261752 
-0.438453 
0.827585 
-0.690009 
0.180887 
0.436007 
-0.665704 
0.543173 
-0.153590 
-0.359375 
0.630393 
-0.567025 
0.146622 
0.284799 
-0.462384 
0.432909 
-0.211570 
-0.178162 
0.332653 
-0.289893 
0.171264 
-0.036344 
-0.086392 
0.160551 
-0.253783 
0.281477 
-0.189196 
0.014428 
0.183382 
-0.428280 
0.436581 
-0.231929 
-0.115312 
0.622907 
-0.741406 
0.421615 
0.131531 
-0.650608 
0.967129 
-0.658367 
0.026390 
0.767879 
-1.084326 
0.953935 
-0.176476 
-0.788958 
1.211494 
-1.278303 
0.334985 
0.617006 
-1.391397 
1.223223 
-0.475463 
-0.490687 
1.311423 
-1.368151 
0.708944 
0.400052 
-1.205253 
1.291162 
-0.705929 
-0.141919 
0.839614 
-1.174729 
0.772135 
0.064687 
-0.639599 
0.775029 
-0.632275 
0.109691 
0.286993 
-0.636014 
0.481163 
-0.099186 
-0.067583 
0.207963 
-0.207822 
0.155326 
-0.081514 
0.077700 
-0.118442 
0.035132 
0.283628 
-0.424145 
0.435849 
-0.109650 
-0.387313 
0.649416 
-0.552917 
0.262335 
0.272897 
-0.710276 
0.750279 
-0.498646 
-0.234445 
0.792504 
-0.884884 
0.498366 
0.156464 
-0.728822 
0.896501 
-0.491503 
-0.158435 
0.711598 
-0.851263 
0.492181 
0.156165 
-0.695891 
0.719094 
-0.359249 
-0.155224 
0.635533 
-0.587125 
0.224966 
0.336792 
-0.666955 
0.622096 
-0.043388 
-0.552734 
0.777781 
-0.566301 
-0.085334 
0.638819 
-0.857903 
0.622565 
0.006898 
-0.747575 
1.034690 
-0.669734 
-0.032841 
0.794680 
-1.120559 
0.790306 
-0.081427 
-0.704111 
1.165796 
-0.886603 
0.249777 
0.494734 
-1.095128 
0.995535 
-0.420518 
-0.344512 
0.822891 
-0.974876 
0.621104 
0.027549 
-0.553637 
0.868629 
-0.697456 
0.263922 
0.283076 
-0.687777 
0.626470 
-0.381334 
0.070321 
0.270545 
-0.555215 
0.512283 
-0.305290 
0.004066 
0.315800 
-0.565904 
0.476359 
-0.213185 
-0.080740 
0.386285 
-0.544559 
0.457396 
-0.184466 
-0.203313 
0.501666 
-0.505486 
0.317458 
0.011507 
-0.408396 
0.554420 
-0.407306 
0.177774 
0.103573 
-0.432853 
0.416733 
-0.345259 
0.050962 
0.218303 
-0.340615 
0.273752 
-0.261132 
0.003807 
0.160131 
-0.244603 
0.364890 
-0.210381 
0.052251 
0.226177 
-0.350079 
0.463516 
-0.185783 
-0.048412 
0.295812 
-0.486942 
0.419265 
-0.203602 
-0.148685 
0.354602 
-0.459707 
0.353514 
-0.126852 
-0.223716 
0.504038 
-0.567025 
0.310198 
0.031632 
-0.429550 
0.610696 
-0.533406 
0.151193 
0.306165 
-0.653384 
0.568769 
-0.339022 
-0.151330 
0.480016 
-0.778258 
0.586214 
-0.081829 
-0.405967 
0.701014 
-0.645263 
0.319196 
0.174128 
-0.749038 
0.742235 
-0.552738 
-0.030917 
0.482228 
-0.728190 
0.616750 
-0.062730 
-0.397773 
0.737666 
-0.605913 
0.138597 
0.302024 
-0.717126 
0.706290 
-0.296094 
-0.185374 
0.629361 
-0.683581 
0.369388 
0.183929 
-0.518810 
0.646938 
-0.508146 
-0.077163 
0.469403 
-0.660072 
0.410174 
-0.006754 
-0.354439 
0.507585 
-0.513545 
0.133752 
0.240991 
-0.493697 
0.463337 
-0.240423 
-0.024438 
0.467684 
-0.485596 
0.334502 
-0.138554 
-0.271514 
0.369059 
-0.461007 
0.303890 
-0.022538 
-0.327820 
0.563420 
-0.538858 
0.347252 
0.140658 
-0.617093 
0.725045 
-0.520871 
0.153697 
0.481979 
-0.857915 
0.804452 
-0.361663 
-0.353214 
0.939405 
-1.047743 
0.676012 
0.129645 
-0.886097 
1.162274 
-0.939922 
0.127672 
0.728320 
-1.229248 
1.043311 
-0.395521 
-0.584581 
1.097181 
-1.100681 
0.585432 
0.184286 
-0.857329 
1.088410 
-0.763869 
0.013085 
0.685889 
-0.974416 
0.864563 
-0.308129 
-0.339083 
0.710384 
-0.799778 
0.412008 
0.041678 
-0.416276 
0.691814 
-0.581311 
0.267892 
0.246351 
-0.491963 
0.585882 
-0.480480 
0.115611 
0.228067 
-0.488539 
0.569638 
-0.381106 
-0.040280 
0.445432 
-0.553954 
0.574482 
-0.195893 
-0.345352 
0.670443 
-0.643647 
0.337532 
0.266780 
-0.634766 
0.696203 
-0.348784 
-0.094899 
0.564659 
-0.666385 
0.438607 
0.084937 
-0.586652 
0.673864 
-0.359985 
-0.161703 
0.501758 
-0.564042 
0.295658 
0.114116 
-0.498476 
0.575848 
-0.335616 
-0.241760 
0.507925 
-0.562039 
0.398478 
0.145743 
-0.496329 
0.573908 
-0.250843 
-0.075620 
0.450116 
-0.592440 
0.352389 
-0.013850 
-0.373969 
0.380735 
-0.413765 
0.084842 
0.182584 
-0.353113 
0.318919 
-0.152126 
-0.065015 
0.216027 
-0.336712 
0.247062 
-0.123344 
0.043266 
0.063855 
-0.312168 
0.303174 
-0.187515 
-0.060092 
0.300134 
-0.441643 
0.441707 
-0.254057 
-0.187219 
0.468354 
-0.624658 
0.379612 
0.172112 
-0.601330 
0.746164 
-0.502282 
-0.047502 
0.591463 
-0.850932 
0.599084 
-0.115514 
-0.574921 
0.915845 
-0.722920 
0.175680 
0.497575 
-0.970911 
0.862542 
-0.236669 
-0.395729 
0.939266 
-0.776432 
0.256956 
0.355116 
-0.832003 
0.841558 
-0.319551 
-0.363564 
0.788690 
-0.865943 
0.402716 
0.275082 
-0.847845 
0.914313 
-0.499107 
-0.204421 
0.734053 
-0.908113 
0.654101 
0.053504 
-0.571711 
0.975258 
-0.806952 
0.077915 
0.711093 
-1.029498 
0.994892 
-0.402451 
-0.472701 
1.046640 
-1.141906 
0.682155 
0.150039 
-0.999614 
1.227590 
-0.944461 
0.043835 
0.827275 
-1.349870 
1.315554 
-0.405660 
-0.583242 
1.298820 
-1.385845 
0.751575 
0.239412 
-1.113104 
1.487599 
-1.087261 
0.097770 
0.955534 
-1.443383 
1.245727 
-0.376969 
-0.619787 
1.319232 
-1.175647 
0.612848 
0.327742 
-1.028627 
1.174394 
-0.683677 
-0.144827 
0.650337 
-0.924872 
0.651178 
-0.113229 
-0.431748 
0.492236 
-0.402701 
0.114261 
0.139235 
-0.213035 
0.178364 
-0.033315 
-0.037503 
-0.101104 
0.124976 
-0.159918 
-0.057511 
0.326725 
-0.546454 
0.444750 
-0.027744 
-0.469805 
0.762052 
-0.712010 
0.146673 
0.536413 
-0.914034 
0.928956 
-0.351276 
-0.380159 
1.090290 
-1.104617 
0.584648 
0.233997 
-0.967779 
1.190796 
-0.734857 
-0.012694 
0.703044 
-0.983170 
0.783315 
-0.062181 
-0.569534 
0.864235 
-0.749852 
0.144172 
0.249160 
-0.649287 
0.630454 
-0.247396 
-0.042886 
0.336311 
-0.318064 
0.131591 
0.019138 
-0.052261 
0.036780 
-0.075719 
-0.000821 
-0.075629 
0.084728 
-0.116649 
0.105490 
0.088960 
-0.334401 
0.349535 
-0.068229 
-0.204529 
0.474058 
-0.485294 
0.190413 
0.156858 
-0.405634 
0.537662 
-0.311952 
-0.061883 
0.367873 
-0.537015 
0.421173 
-0.029929 
-0.331688 
0.505311 
-0.404460 
0.127376 
0.140115 
-0.334134 
0.330938 
-0.158853 
-0.158335 
0.184091 
-0.267471 
0.155737 
0.084756 
-0.126318 
0.154662 
0.032296 
-0.035093 
0.150044 
-0.043392 
0.012335 
0.097899 
-0.096092 
0.022808 
0.159982 
-0.204074 
0.081789 
-0.009574 
-0.124056 
0.323134 
-0.288380 
-0.002865 
0.204397 
-0.284700 
0.318633 
-0.269340 
-0.027024 
0.339655 
-0.456101 
0.340337 
-0.076258 
-0.251479 
0.475725 
-0.420604 
0.258419 
0.147066 
-0.455720 
0.558722 
-0.277325 
0.078538 
0.263833 
-0.476007 
0.422978 
-0.157987 
-0.285640 
0.536043 
-0.532211 
0.196479 
0.064634 
-0.430755 
0.464186 
-0.319418 
0.027665 
0.284415 
-0.436789 
0.280106 
-0.104590 
-0.169506 
0.301565 
-0.259984 
0.184258 
0.023149 
-0.100036 
0.116949 
-0.099828 
0.052784 
-0.057936 
0.014181 
0.064509 
-0.115955 
0.140478 
-0.173266 
0.094141 
0.169916 
-0.336579 
0.357439 
-0.096242 
-0.207988 
0.424082 
-0.441080 
0.225844 
0.134507 
-0.456623 
0.520038 
-0.238781 
-0.111308 
0.467386 
-0.573407 
0.324402 
0.103231 
-0.403314 
0.597153 
-0.385895 
-0.121205 
0.533189 
-0.663639 
0.421104 
0.134427 
-0.565260 
0.743338 
-0.379055 
-0.137730 
0.588533 
-0.701551 
0.436348 
0.048000 
-0.523880 
0.698483 
-0.557679 
0.074564 
0.428386 
-0.762293 
0.486977 
-0.096782 
-0.386825 
0.663260 
-0.598736 
0.157996 
0.251861 
-0.564686 
0.569134 
-0.238771 
-0.069607 
0.353120 
-0.465070 
0.425559 
-0.105684 
-0.164131 
0.483217 
-0.388970 
0.297481 
-0.006612 
-0.310244 
0.463539 
-0.368967 
0.194012 
0.146457 
-0.405811 
0.558776 
-0.259384 
-0.003659 
0.394437 
-0.520538 
0.377971 
-0.076332 
-0.358825 
0.440604 
-0.482643 
0.142759 
0.223762 
-0.489050 
0.468145 
-0.091529 
-0.307766 
0.426905 
-0.444295 
-0.005978 
0.334416 
-0.500275 
0.281713 
0.033457 
-0.405072 
0.505885 
-0.283308 
-0.208322 
0.640807 
-0.623222 
0.301752 
0.323772 
-0.817668 
0.867103 
-0.389115 
-0.370777 
1.065618 
-1.117545 
0.554127 
0.370895 
-1.140730 
1.376442 
-0.820408 
-0.242462 
1.295734 
-1.581030 
1.093096 
0.139542 
-1.245820 
1.686609 
-1.237510 
0.102266 
1.175455 
-1.754231 
1.500054 
-0.387234 
-0.907469 
1.690479 
-1.497660 
0.628065 
0.621875 
-1.523255 
1.544741 
-0.807944 
-0.340846 
1.210117 
-1.480013 
1.009150 
0.067865 
-0.958007 
1.321316 
-0.949904 
0.076088 
0.698058 
-1.075260 
0.835140 
-0.264050 
-0.442454 
0.823193 
-0.792863 
0.277800 
0.318233 
-0.704795 
0.661493 
-0.295254 
-0.227371 
0.571266 
-0.528968 
0.201824 
0.259073 
-0.460131 
0.459330 
-0.225546 
-0.234185 
0.570606 
-0.486576 
0.171012 
0.317779 
-0.598889 
0.530508 
-0.297776 
-0.226864 
0.698082 
-0.628382 
0.462653 
0.131953 
-0.716956 
0.823736 
-0.526332 
0.004825 
0.717153 
-0.963465 
0.643909 
-0.108352 
-0.631642 
0.943996 
-0.861612 
0.206471 
0.572232 
-0.960622 
0.962193 
-0.419003 
-0.410469 
0.912380 
-0.930426 
0.460476 
0.305349 
-0.799973 
0.840897 
-0.419552 
-0.084468 
0.625110 
-0.704909 
0.481427 
-0.040870 
-0.428703 
0.597579 
-0.336322 
0.026722 
0.387800 
-0.300024 
0.157853 
0.127773 
-0.322050 
0.208567 
-0.003663 
-0.260844 
0.315787 
-0.173057 
-0.191318 
0.543918 
-0.480440 
0.094088 
0.321127 
-0.518757 
0.529595 
-0.110809 
-0.394097 
0.813153 
-0.641673 
0.302597 
0.389607 
-0.895028 
0.836325 
-0.417812 
-0.344158 
0.930527 
-1.045004 
0.574912 
0.077682 
-0.816035 
1.101150 
-0.750864 
0.039544 
0.741937 
-1.136175 
0.904734 
-0.242753 
-0.605448 
0.980642 
-1.002225 
0.454094 
0.292813 
-0.822128 
0.921908 
-0.619747 
-0.088973 
0.609201 
-0.860222 
0.771370 
-0.315315 
-0.423039 
0.754478 
-0.749268 
0.315433 
0.216151 
-0.615791 
0.654221 
-0.529294 
0.028645 
0.495337 
-0.636774 
0.554263 
-0.112240 
-0.297677 
0.627830 
-0.583151 
0.359422 
0.121451 
-0.530402 
0.456715 
-0.382743 
-0.003254 
0.345639 
-0.620534 
0.473064 
-0.131090 
-0.158989 
0.536361 
-0.503785 
0.294697 
0.163634 
-0.413976 
0.441080 
-0.261166 
-0.005364 
0.353987 
-0.383516 
0.346236 
-0.026637 
-0.282255 
0.356901 
-0.361514 
0.188398 
0.155583 
-0.326237 
0.337138 
-0.214252 
-0.024958 
0.191285 
-0.344083 
0.189550 
0.034883 
-0.201068 
0.275111 
-0.147601 
0.061303 
0.070141 
-0.201011 
0.072304 
-0.033963 
-0.101164 
0.078678 
-0.176715 
0.031000 
-0.046822 
0.018187 
0.043286 
0.048539 
-0.005351 
-0.128151 
0.053645 
-0.054305 
0.001942 
-0.010083 
-0.047638 
0.119766 
-0.076007 
-0.026331 
0.103014 
-0.117391 
0.107968 
-0.041319 
-0.140790 
0.066896 
0.008992 
-0.011285 
0.040491 
-0.145907 
0.029843 
-0.075716 
0.040274 
0.120670 
-0.151790 
0.054814 
0.036674 
0.027227 
0.038917 
-0.038023 
0.126842 
-0.118907 
0.078487 
-0.051657 
-0.076505 
0.163485 
-0.138542 
0.062068 
0.114757 
-0.234085 
0.218982 
-0.181386 
-0.087512 
0.224690 
-0.346791 
0.330558 
0.020293 
-0.264014 
0.445871 
-0.248850 
0.022649 
0.189615 
-0.521140 
0.414538 
-0.054356 
-0.210359 
0.446642 
-0.402925 
0.119771 
0.318636 
-0.521487 
0.319637 
-0.098750 
-0.247745 
0.376917 
-0.339272 
0.019797 
0.324007 
-0.505485 
0.355285 
0.036527 
-0.405843 
0.524405 
-0.340006 
-0.073342 
0.463685 
-0.585174 
0.375998 
0.128329 
-0.480447 
0.700348 
-0.464541 
-0.014034 
0.623304 
-0.779494 
0.503207 
-0.086014 
-0.439834 
0.752232 
-0.573941 
0.096873 
0.452268 
-0.625995 
0.583554 
-0.245955 
-0.176162 
0.509876 
-0.574116 
0.234769 
0.079011 
-0.366277 
0.303641 
-0.236987 
0.075118 
0.002810 
-0.069706 
0.148271 
-0.217286 
0.256087 
-0.222964 
-0.052013 
0.300579 
-0.350842 
0.456170 
-0.308079 
-0.169419 
0.516630 
-0.728629 
0.530820 
-0.069940 
-0.458797 
1.022559 
-0.853144 
0.323293 
0.510928 
-1.014502 
1.129539 
-0.682713 
-0.183000 
0.955608 
-1.277388 
0.899635 
-0.129066 
-0.728988 
1.290139 
-1.014298 
0.408459 
0.437779 
-1.079454 
1.137509 
-0.622005 
-0.074025 
0.639724 
-0.947386 
0.803354 
-0.292053 
-0.289585 
0.670166 
-0.712680 
0.578676 
-0.067104 
-0.247479 
0.482921 
-0.651090 
0.515606 
-0.173309 
-0.167482 
0.623981 
-0.715799 
0.570496 
-0.180784 
-0.321880 
0.894822 
-0.923412 
0.544029 
0.066021 
-0.742723 
1.156085 
-0.948314 
0.350113 
0.542566 
-1.117393 
1.202449 
-0.610531 
-0.235469 
1.128401 
-1.298607 
0.930255 
-0.063443 
-0.846806 
1.212194 
-1.076387 
0.384509 
0.497121 
-1.088576 
1.140795 
-0.507190 
-0.206470 
0.881551 
-0.915907 
0.559085 
0.050112 
-0.503236 
0.637844 
-0.496369 
-0.018461 
0.379332 
-0.439906 
0.288886 
-0.076632 
-0.265923 
0.229360 
-0.041929 
-0.161643 
0.204982 
-0.173717 
-0.156828 
0.357421 
-0.382871 
0.163371 
0.209398 
-0.562500 
0.671825 
-0.349734 
-0.217408 
0.742676 
-1.005766 
0.560189 
0.105611 
-0.877278 
1.238226 
-1.003516 
0.220722 
0.754151 
-1.332146 
1.325469 
-0.499448 
-0.498929 
1.370201 
-1.533800 
0.922436 
0.198200 
-1.177923 
1.608138 
-1.226829 
0.159767 
0.894035 
-1.631204 
1.461914 
-0.612122 
-0.606071 
1.454475 
-1.552343 
0.874780 
0.191082 
-1.172216 
1.449572 
-1.030331 
0.042973 
0.832151 
-1.259184 
0.949207 
-0.274236 
-0.469283 
0.949636 
-0.849861 
0.427700 
0.231121 
-0.620660 
0.609258 
-0.339977 
-0.023851 
0.372605 
-0.382285 
0.056333 
0.082027 
-0.066116 
0.040268 
0.120051 
-0.178149 
0.055298 
0.109481 
-0.453343 
0.451842 
-0.219500 
-0.191973 
0.554700 
-0.654395 
0.382959 
0.168212 
-0.662262 
0.860926 
-0.465028 
-0.040313 
0.702657 
-0.912670 
0.691540 
-0.112260 
-0.541156 
0.970149 
-0.876113 
0.287709 
0.328971 
-0.735593 
0.830131 
-0.489997 
-0.169656 
0.603811 
-0.629650 
0.432526 
-0.029969 
-0.366266 
0.484735 
-0.465474 
0.195956 
0.066242 
-0.182161 
0.226006 
-0.198214 
0.093301 
-0.045895 
0.017509 
0.085430 
-0.221447 
0.303914 
-0.231598 
0.165566 
0.190418 
-0.514654 
0.508361 
-0.389833 
0.015823 
0.550192 
-0.749508 
0.715586 
-0.205292 
-0.481251 
0.967559 
-0.991893 
0.535995 
0.404664 
-1.049935 
1.221488 
-0.755357 
-0.230598 
0.938598 
-1.271321 
0.947975 
-0.054754 
-0.821383 
1.293972 
-0.991597 
0.239751 
0.662984 
-1.227749 
1.076067 
-0.326575 
-0.482302 
1.056603 
-1.049013 
0.408356 
0.404096 
-0.836966 
0.853181 
-0.322321 
-0.370294 
0.810003 
-0.820336 
0.255434 
0.326904 
-0.738401 
0.686377 
-0.157716 
-0.458912 
0.711018 
-0.434229 
0.011818 
0.504021 
-0.741533 
0.473098 
0.262919 
-0.693312 
0.783249 
-0.424334 
-0.257803 
0.725857 
-0.885013 
0.420934 
0.264617 
-0.843369 
0.930049 
-0.553486 
-0.220552 
0.946009 
-1.030514 
0.483220 
0.200321 
-0.833324 
1.031631 
-0.588082 
-0.175739 
0.810852 
-1.049972 
0.697244 
0.092333 
-0.756769 
0.997445 
-0.583395 
0.032055 
0.631325 
-0.850692 
0.616227 
0.002518 
-0.626358 
0.831289 
-0.565284 
-0.009300 
0.501037 
-0.744961 
0.513990 
-0.058468 
-0.424737 
0.619800 
-0.514761 
0.111564 
0.287968 
-0.586010 
0.483364 
-0.153605 
-0.291170 
0.463478 
-0.511990 
0.257678 
0.021645 
-0.335095 
0.447203 
-0.298705 
0.070004 
0.239874 
-0.310928 
0.413868 
-0.123897 
-0.081023 
0.272632 
-0.297896 
0.405271 
-0.080564 
-0.084884 
0.277676 
-0.338725 
0.108742 
0.115647 
-0.247365 
0.353520 
-0.198254 
0.069595 
0.132327 
-0.189754 
0.226974 
-0.191764 
0.078039 
0.221101 
-0.230385 
0.117433 
-0.089308 
0.050599 
0.117374 
-0.181000 
0.124056 
-0.107514 
0.025171 
0.019838 
-0.197632 
0.276204 
-0.290137 
0.180872 
0.159890 
-0.296504 
0.444796 
-0.323704 
-0.112915 
0.460245 
-0.567974 
0.399162 
0.010133 
-0.436967 
0.737918 
-0.685876 
0.161619 
0.390162 
-0.707819 
0.677723 
-0.303758 
-0.385517 
0.699840 
-0.786475 
0.415166 
0.230146 
-0.641301 
0.731262 
-0.485522 
-0.136091 
0.602141 
-0.669914 
0.467752 
0.043768 
-0.500679 
0.644333 
-0.405394 
-0.086757 
0.325369 
-0.513535 
0.199849 
0.085494 
-0.345549 
0.296192 
-0.172620 
-0.171419 
0.260359 
-0.288090 
0.177268 
0.138789 
-0.383468 
0.207310 
0.024549 
-0.215010 
0.207803 
-0.101852 
-0.061063 
0.196834 
-0.294905 
0.093451 
0.160730 
-0.228752 
0.240713 
-0.083440 
-0.149196 
0.170550 
-0.138949 
-0.047846 
0.125113 
-0.098483 
0.034442 
0.149834 
-0.203260 
0.118747 
0.173207 
-0.409795 
0.301272 
-0.069412 
-0.340695 
0.496961 
-0.471886 
0.052721 
0.383270 
-0.753840 
0.551880 
-0.181078 
-0.458931 
0.906081 
-0.888566 
0.390672 
0.434685 
-0.924378 
0.821009 
-0.476241 
-0.292720 
0.806104 
-1.043480 
0.591065 
0.033456 
-0.708720 
0.953614 
-0.757730 
0.165974 
0.533547 
-0.831667 
0.786688 
-0.306876 
-0.208285 
0.516024 
-0.612709 
0.476416 
-0.105588 
-0.229441 
0.414159 
-0.435094 
0.394154 
-0.149515 
-0.068281 
0.281150 
-0.514482 
0.479426 
-0.258937 
-0.168678 
0.424336 
-0.711456 
0.655619 
-0.259023 
-0.289353 
0.787207 
-0.911827 
0.610472 
0.024241 
-0.705337 
1.140379 
-0.959816 
0.282728 
0.561382 
-1.069798 
1.123448 
-0.671060 
-0.106025 
0.850171 
-1.218298 
0.892559 
-0.244298 
-0.536156 
1.231342 
-1.100369 
0.687285 
0.103733 
-0.778665 
1.115913 
-0.980907 
0.329046 
0.473352 
-0.983821 
1.146486 
-0.718098 
-0.007854 
0.753622 
-1.191832 
1.082919 
-0.383715 
-0.415045 
1.131293 
-1.324536 
0.864123 
0.030035 
-0.711075 
1.328457 
-1.068036 
0.401914 
0.591047 
-1.116698 
1.185433 
-0.603739 
-0.253228 
0.832713 
-1.157532 
0.792513 
-0.092050 
-0.554157 
0.917644 
-0.763323 
0.294964 
0.356648 
-0.586968 
0.624236 
-0.290700 
-0.056830 
0.369121 
-0.306372 
0.207271 
-0.052479 
-0.082586 
-0.046538 
-0.009303 
-0.021667 
-0.093594 
0.293228 
-0.299527 
0.123697 
0.174805 
-0.482447 
0.501770 
-0.318692 
-0.197075 
0.675582 
-0.702690 
0.562550 
-0.001803 
-0.608102 
0.887007 
-0.741386 
0.212461 
0.436534 
-0.874080 
0.946282 
-0.492909 
-0.208761 
0.809449 
-0.932557 
0.555237 
0.004623 
-0.555769 
0.975293 
-0.668901 
0.281796 
0.347593 
-0.603864 
0.669654 
-0.389218 
-0.157227 
0.400870 
-0.643586 
0.506205 
-0.244264 
-0.184878 
0.516274 
-0.439924 
0.276793 
-0.020754 
-0.162452 
0.418657 
-0.457316 
0.283438 
0.007799 
-0.326503 
0.493824 
-0.316166 
0.110368 
0.155241 
-0.339953 
0.351237 
-0.248938 
0.061160 
0.203039 
-0.291589 
0.212591 
-0.152884 
-0.079324 
0.062097 
-0.192556 
0.139280 
-0.028188 
0.019054 
0.069386 
-0.110475 
0.112677 
-0.100128 
0.210901 
-0.021562 
-0.074591 
0.281315 
-0.221239 
0.193220 
0.128071 
-0.213442 
0.344742 
-0.312693 
0.024429 
0.351248 
-0.389323 
0.300490 
-0.024700 
-0.318463 
0.444794 
-0.199893 
0.024627 
0.269773 
-0.393354 
0.282805 
0.052021 
-0.299076 
0.334225 
-0.189324 
-0.217875 
0.415926 
-0.330590 
0.052889 
0.339759 
-0.530670 
0.412193 
-0.027152 
-0.521651 
0.705580 
-0.503788 
0.006024 
0.574267 
-0.859844 
0.588928 
0.066752 
-0.733617 
1.027417 
-0.796980 
-0.010067 
0.736434 
-1.131844 
1.039376 
-0.222316 
-0.604958 
1.140492 
-1.079671 
0.438259 
0.411679 
-1.169030 
1.083147 
-0.514764 
-0.348924 
0.936322 
-1.123303 
0.581465 
0.187530 
-0.841726 
0.969680 
-0.636400 
0.019044 
0.546428 
-0.800737 
0.576474 
-0.119454 
-0.289633 
0.532592 
-0.485772 
0.246150 
0.124871 
-0.288118 
0.279331 
-0.144145 
0.093363 
0.136900 
-0.106940 
0.046078 
-0.100630 
0.088491 
-0.128165 
-0.095302 
0.166371 
-0.117355 
0.179492 
-0.067013 
-0.117226 
0.256185 
-0.226041 
0.106476 
0.079588 
-0.182029 
0.229611 
-0.124794 
-0.099328 
0.163101 
-0.128623 
0.039374 
-0.061870 
-0.111462 
0.097633 
0.082733 
-0.098252 
0.149198 
0.057526 
-0.277746 
0.274697 
-0.160778 
-0.050410 
0.397882 
-0.332961 
0.276302 
0.152883 
-0.449464 
0.561149 
-0.362666 
-0.171038 
0.530674 
-0.654727 
0.435084 
0.014225 
-0.567379 
0.681999 
-0.575334 
-0.031914 
0.513027 
-0.683628 
0.567022 
-0.145840 
-0.374720 
0.550856 
-0.676030 
0.267540 
0.232948 
-0.469918 
0.493670 
-0.128452 
-0.248339 
0.436250 
-0.355473 
0.120094 
0.164191 
-0.173048 
0.128526 
0.034419 
-0.166139 
0.202637 
0.046646 
-0.169485 
0.230430 
-0.168837 
-0.139084 
0.332132 
-0.448542 
0.246487 
0.134293 
-0.438611 
0.599523 
-0.411905 
-0.129181 
0.645561 
-0.700009 
0.506676 
-0.062092 
-0.552127 
0.856224 
-0.671412 
0.219025 
0.462364 
-0.858421 
0.836404 
-0.419229 
-0.179468 
0.689592 
-0.890514 
0.639877 
-0.003890 
-0.639007 
0.975683 
-0.842483 
0.348988 
0.440622 
-0.871691 
0.928550 
-0.575419 
-0.082179 
0.705688 
-0.944623 
0.729916 
-0.193493 
-0.412330 
0.921223 
-0.903606 
0.431202 
0.294377 
-0.766317 
0.858706 
-0.605805 
-0.017593 
0.604151 
-0.837605 
0.687119 
-0.204304 
-0.371505 
0.777435 
-0.748779 
0.401985 
0.149907 
-0.548919 
0.660249 
-0.435249 
-0.061858 
0.293313 
-0.603346 
0.391967 
-0.133307 
-0.208331 
0.393274 
-0.316603 
0.268889 
0.090858 
-0.317810 
0.290267 
-0.225555 
-0.014277 
0.208226 
-0.225678 
0.214007 
-0.073516 
-0.133436 
0.261991 
-0.210232 
0.120003 
0.136589 
-0.229072 
0.306176 
-0.094264 
-0.010160 
0.274827 
-0.299981 
0.171643 
-0.001782 
-0.415815 
0.424189 
-0.259558 
0.034126 
0.390730 
-0.588383 
0.436259 
-0.060117 
-0.487062 
0.802147 
-0.704086 
0.119674 
0.474801 
-0.950347 
0.824296 
-0.253875 
-0.378583 
1.020160 
-0.938849 
0.485099 
0.402668 
-1.088168 
1.167475 
-0.645122 
-0.292537 
1.110854 
-1.371350 
0.798109 
0.026832 
-1.000185 
1.318491 
-1.041452 
0.080168 
0.867940 
-1.366967 
1.057715 
-0.285883 
-0.646141 
1.213579 
-1.136660 
0.429050 
0.517246 
-1.084862 
1.167114 
-0.586016 
-0.209528 
0.843303 
-0.949759 
0.670644 
-0.045225 
-0.533742 
0.768576 
-0.689204 
0.262066 
0.189346 
-0.492327 
0.644247 
-0.447422 
0.123648 
0.288498 
-0.579399 
0.528851 
-0.276677 
0.048769 
0.452570 
-0.705595 
0.628609 
-0.282583 
-0.234549 
0.624588 
-0.828803 
0.449435 
0.083920 
-0.612824 
0.895989 
-0.679831 
0.114405 
0.520807 
-0.943350 
0.840103 
-0.375291 
-0.408032 
0.918253 
-0.885671 
0.376485 
0.235375 
-0.881950 
0.894719 
-0.510024 
-0.349447 
0.769608 
-0.825506 
0.480318 
0.271048 
-0.639833 
0.748133 
-0.391162 
-0.168940 
0.538274 
-0.587471 
0.285312 
0.188370 
-0.412765 
0.386285 
-0.165242 
-0.165804 
0.391552 
-0.192510 
-0.044800 
0.307645 
-0.325505 
0.166270 
0.262719 
-0.409599 
0.310291 
0.110861 
-0.347488 
0.398783 
-0.295003 
-0.123188 
0.491341 
-0.572822 
0.290291 
0.217178 
-0.650255 
0.735544 
-0.309770 
-0.228439 
0.641465 
-0.657528 
0.384063 
0.239218 
-0.698167 
0.713672 
-0.361870 
-0.294166 
0.570852 
-0.672656 
0.314885 
0.148434 
-0.556403 
0.595455 
-0.210568 
-0.175189 
0.457712 
-0.510206 
0.206265 
0.165543 
-0.388262 
0.288438 
-0.076050 
-0.195099 
0.220141 
-0.175136 
-0.027804 
0.226865 
-0.151458 
-0.043098 
0.188629 
-0.161279 
0.007205 
0.165016 
-0.355501 
0.121124 
0.178985 
-0.436950 
0.379101 
-0.155334 
-0.279397 
0.588675 
-0.532553 
0.095460 
0.342850 
-0.674516 
0.604123 
-0.147243 
-0.468015 
0.875407 
-0.651143 
0.058947 
0.566857 
-0.955327 
0.815196 
-0.079567 
-0.701421 
1.082128 
-0.925665 
0.073746 
0.779319 
-1.271888 
0.986341 
-0.107665 
-0.754695 
1.294698 
-1.057945 
0.239010 
0.684220 
-1.302083 
1.088857 
-0.271100 
-0.756018 
1.221666 
-1.092786 
0.263589 
0.580405 
-1.203358 
0.960736 
-0.322424 
-0.563104 
1.012779 
-0.885997 
0.216130 
0.398582 
-0.915658 
0.692331 
-0.121362 
-0.493641 
0.716235 
-0.496561 
0.018840 
0.454515 
-0.611520 
0.417411 
0.142114 
-0.429727 
0.449344 
-0.287466 
-0.261786 
0.529220 
-0.493803 
0.074808 
0.355271 
-0.663525 
0.495243 
-0.129513 
-0.372850 
0.683051 
-0.690071 
0.148597 
0.294830 
-0.720302 
0.608873 
-0.286435 
-0.188237 
0.653687 
-0.675380 
0.423191 
0.044229 
-0.458921 
0.703913 
-0.563707 
0.226541 
0.234500 
-0.503560 
0.620135 
-0.541055 
0.093018 
0.335364 
-0.546298 
0.605208 
-0.443573 
0.023704 
0.381517 
-0.623734 
0.727213 
-0.375582 
-0.119404 
0.679153 
-1.009926 
0.766987 
-0.129224 
-0.633954 
1.131254 
-1.037533 
0.518964 
0.274100 
-1.004490 
1.261786 
-0.853758 
0.097279 
0.750666 
-1.252179 
1.148536 
-0.506033 
-0.507765 
1.168912 
-1.261818 
0.829971 
0.010465 
-0.910399 
1.347500 
-1.123627 
0.429398 
0.580287 
-1.122259 
1.274887 
-0.802072 
-0.099352 
0.922181 
-1.349186 
1.014419 
-0.239269 
-0.578873 
1.097025 
-1.273891 
0.722788 
0.100797 
-0.872493 
1.202580 
-0.840093 
0.220824 
0.528013 
-1.037470 
0.999886 
-0.529378 
-0.097832 
0.780296 
-0.935668 
0.732702 
-0.168666 
-0.319757 
0.727637 
-0.739612 
0.420314 
0.106063 
-0.436492 
0.626548 
-0.586031 
0.285426 
0.121017 
-0.418463 
0.517909 
-0.498988 
0.195586 
0.160251 
-0.420773 
0.514257 
-0.465608 
0.039857 
0.332824 
-0.532459 
0.617753 
-0.277533 
-0.135569 
0.465240 
-0.680822 
0.563272 
-0.061075 
-0.457209 
0.675202 
-0.522325 
0.232331 
0.252342 
-0.696297 
0.560206 
-0.297285 
-0.164631 
0.524577 
-0.490695 
0.202965 
0.189968 
-0.406913 
0.319864 
-0.142974 
-0.237698 
0.356746 
-0.352978 
-0.035520 
0.215490 
-0.238902 
0.051124 
0.187841 
-0.380988 
0.351717 
-0.168313 
-0.438231 
0.476070 
-0.385787 
-0.006314 
0.412480 
-0.590469 
0.427785 
0.047315 
-0.546786 
0.774511 
-0.453964 
-0.152575 
0.610325 
-0.814372 
0.635810 
0.122777 
-0.716639 
0.846915 
-0.514274 
-0.198171 
0.760963 
-0.845329 
0.466872 
0.180177 
-0.768872 
0.920915 
-0.435290 
-0.332197 
0.910169 
-0.889354 
0.483869 
0.325089 
-0.887288 
0.949208 
-0.354418 
-0.393158 
0.948481 
-0.949215 
0.389021 
0.461813 
-0.959339 
0.909039 
-0.370896 
-0.461842 
0.950297 
-0.890282 
0.408511 
0.340614 
-0.877585 
0.887091 
-0.274361 
-0.302273 
0.784179 
-0.781670 
0.338816 
0.360712 
-0.604533 
0.591158 
-0.139222 
-0.180929 
0.490268 
-0.411778 
0.120580 
0.245076 
-0.356201 
0.148686 
0.175506 
-0.305601 
0.188584 
0.030762 
-0.278798 
0.344463 
-0.254056 
-0.140259 
0.473863 
-0.554591 
0.225989 
0.293774 
-0.675586 
0.750557 
-0.378745 
-0.298769 
0.774053 
-0.937575 
0.575288 
0.186495 
-0.773099 
1.062604 
-0.633541 
-0.034079 
0.684706 
-0.974954 
0.770560 
-0.239484 
-0.479919 
0.856063 
-0.911530 
0.484368 
0.234636 
-0.662233 
0.699002 
-0.566511 
-0.032755 
0.504614 
-0.704461 
0.675320 
-0.343891 
-0.115888 
0.549369 
-0.648529 
0.572750 
-0.138165 
-0.321218 
0.635421 
-0.637737 
0.441264 
-0.031682 
-0.313888 
0.608279 
-0.572470 
0.326469 
0.159200 
-0.571078 
0.769865 
-0.677147 
0.136351 
0.354898 
-0.604204 
0.667449 
-0.421394 
-0.071708 
0.529888 
-0.697591 
0.489637 
-0.139230 
-0.324854 
0.638811 
-0.609324 
0.385520 
0.044410 
-0.386160 
0.598949 
-0.417151 
0.157768 
0.194633 
-0.498895 
0.536218 
-0.333513 
0.016819 
0.324815 
-0.520577 
0.459702 
-0.293397 
-0.125832 
0.400186 
-0.548444 
0.392430 
-0.143669 
-0.200016 
0.425680 
-0.458958 
0.265394 
0.025611 
-0.306860 
0.452763 
-0.310910 
0.147315 
0.083474 
-0.296851 
0.277174 
-0.271783 
0.048334 
0.182202 
-0.270657 
0.290339 
-0.224884 
0.140675 
0.143629 
-0.232365 
0.287410 
-0.303014 
0.153809 
0.125820 
-0.366016 
0.425968 
-0.342514 
0.020492 
0.235404 
-0.511514 
0.549169 
-0.345275 
-0.180491 
0.537768 
-0.713134 
0.554908 
-0.057778 
-0.539476 
0.761486 
-0.717930 
0.151393 
0.385736 
-0.804114 
0.835999 
-0.295270 
-0.230241 
0.830729 
-0.885235 
0.492815 
0.190390 
-0.801094 
0.912735 
-0.539905 
-0.071022 
0.620406 
-0.816703 
0.582030 
-0.061501 
-0.535579 
0.766404 
-0.514073 
0.001110 
0.499597 
-0.700963 
0.562201 
-0.064978 
-0.434361 
0.537841 
-0.409363 
0.048173 
0.440593 
-0.604819 
0.406296 
-0.045265 
-0.310476 
0.474053 
-0.252463 
-0.096412 
0.326065 
-0.455756 
0.211126 
0.118082 
-0.371920 
0.425130 
-0.199307 
-0.122892 
0.317626 
-0.352431 
0.076236 
0.092671 
-0.337599 
0.414600 
-0.152728 
-0.075999 
0.318393 
-0.357505 
0.164286 
0.131453 
-0.279531 
0.326342 
-0.132282 
-0.203589 
0.303489 
-0.144236 
-0.025546 
0.200224 
-0.216678 
0.199928 
0.104172 
-0.176859 
0.261381 
-0.007822 
-0.128603 
0.335456 
-0.309784 
0.114513 
0.266142 
-0.406371 
0.323201 
-0.110850 
-0.244716 
0.459293 
-0.462080 
0.153561 
0.205369 
-0.428947 
0.532095 
-0.223580 
-0.102035 
0.490285 
-0.596414 
0.395495 
0.142353 
-0.504523 
0.675118 
-0.363402 
-0.043438 
0.447471 
-0.641376 
0.562079 
-0.032341 
-0.398792 
0.633965 
-0.460527 
0.116466 
0.288802 
-0.556032 
0.487726 
-0.155128 
-0.154808 
0.416804 
-0.478260 
0.169120 
0.140509 
-0.346822 
0.335718 
-0.165967 
-0.155058 
0.235377 
-0.253126 
0.146892 
0.129771 
-0.203402 
0.233529 
0.004403 
-0.155881 
0.270857 
-0.286126 
-0.048689 
0.182241 
-0.324591 
0.232603 
-0.023561 
-0.238680 
0.346105 
-0.281658 
0.073120 
0.249298 
-0.438576 
0.490014 
-0.217727 
-0.229135 
0.491233 
-0.533210 
0.365518 
-0.012900 
-0.482558 
0.641781 
-0.559358 
0.134245 
0.390815 
-0.775833 
0.721502 
-0.360463 
-0.251532 
0.693549 
-0.793481 
0.536877 
0.049707 
-0.564921 
0.891467 
-0.689713 
0.219169 
0.436277 
-0.873132 
0.893682 
-0.441601 
-0.133992 
0.840359 
-0.949828 
0.633070 
0.010310 
-0.539413 
0.804311 
-0.686916 
0.314419 
0.232048 
-0.766842 
0.731094 
-0.351010 
-0.009943 
0.475821 
-0.568339 
0.435267 
-0.144155 
-0.174952 
0.439984 
-0.368910 
0.247618 
-0.046399 
-0.241876 
0.382624 
-0.347897 
0.125430 
0.007137 
-0.155582 
0.387691 
-0.323724 
0.320474 
-0.117781 
-0.163289 
0.322995 
-0.377785 
0.298173 
-0.008837 
-0.256057 
0.471632 
-0.537434 
0.178400 
0.073365 
-0.528272 
0.542732 
-0.403835 
0.070837 
0.315984 
-0.490262 
0.472427 
-0.185276 
-0.210464 
0.373993 
-0.525167 
0.333982 
0.054326 
-0.285912 
0.363412 
-0.305842 
0.190072 
0.137052 
-0.214395 
0.319380 
-0.285294 
0.187472 
0.009572 
-0.238303 
0.292054 
-0.328391 
0.115775 
0.012692 
-0.297674 
0.427060 
-0.191522 
0.082976 
0.125271 
-0.384209 
0.345597 
-0.165794 
-0.058128 
0.321747 
-0.364263 
0.179890 
-0.033721 
-0.143940 
0.300753 
-0.211974 
0.109830 
0.065370 
-0.132645 
0.057304 
-0.138169 
0.133738 
-0.031321 
0.030824 
0.018082 
-0.079683 
0.227970 
-0.248725 
0.141180 
0.118733 
-0.315393 
0.468950 
-0.341535 
-0.012876 
0.398168 
-0.641317 
0.522331 
-0.071612 
-0.444660 
0.735804 
-0.690038 
0.242498 
0.349041 
-0.811761 
0.829240 
-0.395348 
-0.178395 
0.810254 
-0.869949 
0.554557 
0.064458 
-0.591581 
0.858791 
-0.699106 
0.028408 
0.448858 
-0.833447 
0.560230 
-0.096968 
-0.424906 
0.722160 
-0.700044 
0.117815 
0.390801 
-0.634544 
0.446076 
-0.077725 
-0.356516 
0.454984 
-0.399349 
-0.041620 
0.321821 
-0.518180 
0.249315 
0.107338 
-0.422832 
0.317917 
-0.155709 
-0.056580 
0.323349 
-0.337137 
0.166771 
0.220802 
-0.350492 
0.416837 
-0.031057 
-0.183041 
0.371810 
-0.404890 
0.094384 
0.124484 
-0.327007 
0.395767 
-0.178330 
-0.082491 
0.200372 
-0.286807 
0.208535 
-0.064325 
-0.118089 
0.226754 
-0.109145 
0.093129 
0.036410 
-0.011823 
0.071309 
-0.051400 
0.078929 
-0.030389 
0.049248 
0.135550 
-0.103586 
0.110518 
-0.142430 
-0.044341 
0.122494 
-0.250667 
0.242343 
-0.135417 
-0.020191 
0.160046 
-0.251554 
0.210324 
-0.003410 
-0.110431 
0.285890 
-0.332010 
0.176692 
-0.041883 
-0.269567 
0.344107 
-0.341138 
0.150190 
0.168530 
-0.366588 
0.446602 
-0.399617 
0.036656 
0.229505 
-0.493618 
0.459255 
-0.155416 
-0.225973 
0.384946 
-0.596112 
0.291703 
0.035732 
-0.436825 
0.634532 
-0.471452 
0.060139 
0.315946 
-0.597324 
0.520358 
-0.137398 
-0.223054 
0.498730 
-0.436117 
0.174334 
0.217636 
-0.386099 
0.344460 
-0.001942 
-0.228413 
0.317855 
-0.171025 
0.037451 
0.277896 
-0.251203 
0.159948 
0.192343 
-0.411547 
0.356233 
-0.040473 
-0.384814 
0.518393 
-0.308254 
-0.044852 
0.472276 
-0.792824 
0.507499 
-0.047740 
-0.558603 
0.915695 
-0.701430 
0.120374 
0.482842 
-0.934216 
0.828746 
-0.323223 
-0.407433 
0.925241 
-0.938347 
0.411658 
0.242959 
-0.809231 
0.948235 
-0.529570 
-0.115492 
0.598583 
-0.849702 
0.618560 
-0.153821 
-0.413856 
0.658762 
-0.643525 
0.311010 
0.113545 
-0.406341 
0.448461 
-0.380251 
0.122773 
0.138120 
-0.262824 
0.293503 
-0.396443 
0.189758 
0.074198 
-0.331689 
0.412101 
-0.432346 
0.169824 
0.172004 
-0.442643 
0.646414 
-0.439027 
0.097590 
0.486266 
-0.749890 
0.630056 
-0.299798 
-0.392648 
0.676976 
-0.783689 
0.383347 
0.242296 
-0.772240 
0.837237 
-0.463951 
-0.171584 
0.765576 
-0.878972 
0.523771 
0.149145 
-0.677305 
0.894870 
-0.594228 
0.012666 
0.614197 
-0.855127 
0.603012 
0.018137 
-0.574113 
0.841850 
-0.700817 
0.063718 
0.519695 
-0.836843 
0.716892 
-0.152692 
-0.501456 
0.860947 
-0.759923 
0.198219 
0.416158 
-0.844254 
0.818713 
-0.388323 
-0.285089 
0.838821 
-1.017364 
0.569124 
0.126932 
-0.649630 
0.936060 
-0.724450 
0.160708 
0.603486 
-0.945225 
0.921440 
-0.457677 
-0.428414 
0.911373 
-1.026232 
0.630755 
0.081841 
-0.769649 
1.081133 
-0.767829 
0.236675 
0.453903 
-0.986988 
0.993455 
-0.527092 
-0.233115 
0.870257 
-0.956188 
0.787863 
-0.075181 
-0.639105 
1.034864 
-0.946648 
0.386526 
0.346033 
-0.824273 
0.892719 
-0.480388 
0.026085 
0.561090 
-0.776324 
0.694081 
-0.306475 
-0.246059 
0.512874 
-0.726118 
0.410500 
-0.025657 
-0.429859 
0.592726 
-0.620938 
0.220519 
0.133315 
-0.420631 