-0
-0.904442
0.246062
-0.476993
0.953811
0.946779
0.985668
-0.224095
-0.15755
-0.554395
0.627268
0.7268
-0.179831
-0.742137
0.661818
0.49674
-0.246064
0.112768
0.999425
-0.88424
0.992283
0.28962
0.0225983
0.771673
0.267911
-0.289609
-0.726801
0.0902791
-0.135193
-0.996872
0.742145
-0.966404
0.22411
0.59144
-0.0902844
-0.931264
0.977036
-0.374837
-0.989229
-0.971976
-0.112793
0.78583
-0.535447
-0.785826
-0.353743
-0.812971
-0.457057
0.695042
0.0678033
-0.894594
-0.913843
-0.0677201
0.838477
-0.711103
-0.516259
0.135153
-0.311141
-0.94679
0.994834
-0.825938
-0.757118
-0.627185
-0.998401
0.53546
-0.591473
0.966441
0.850583
0.97197
0.353791
-0.799573
0.353831
0.97195
0.850515
0.966422
-0.591497
0.535449
-0.998405
-0.627298
-0.757025
-0.825904
0.994835
-0.946759
-0.311075
0.135142
-0.516231
-0.71107
0.838408
-0.0677586
-0.913777
-0.894486
0.0677584
0.694929
-0.456956
-0.81287
-0.353655
-0.785967
-0.535547
0.78593
-0.112632
-0.971919
-0.989209
-0.374976
0.977064
-0.931195
-0.0901285
0.591601
0.224048
-0.966441
0.74213
-0.996886
-0.135358
0.090308
-0.726857
-0.289602
0.267681
0.771526
0.0227213
0.289405
0.992254
-0.884252
0.999438
0.112283
-0.245869
0.496493
0.661794
-0.742027
-0.179928
0.726898
0.626958
-0.554212
-0.157599
-0.224031
0.985713
0.946882
0.953888
-0.476958
0.246051
-0.904369
-0.000462303
