1
0.426597
-0.969254
0.878907
0.300406
-0.321885
0.168699
0.974567
-0.987511
0.832253
0.778803
0.686849
0.983698
-0.670248
0.749665
-0.8679
-0.969254
-0.993621
0.0338971
0.467032
0.123995
-0.957142
-0.999745
-0.63602
0.963444
-0.957145
0.686848
0.995916
0.990819
0.0790286
-0.670239
0.257028
0.974564
0.806349
0.995916
-0.364344
0.213073
-0.927091
-0.146378
-0.23508
-0.993618
0.618442
-0.844569
0.618448
0.935343
0.582304
-0.889437
0.71897
-0.997699
-0.44688
-0.406068
-0.997704
0.544937
-0.703088
0.856432
0.990825
0.950364
-0.321851
-0.101519
-0.563761
0.653279
0.778871
-0.0565213
-0.84456
0.806325
0.25689
-0.525841
-0.235106
0.935324
-0.600569
0.935309
-0.23519
-0.525951
0.25696
0.806307
-0.844567
-0.0564657
0.778779
0.653386
-0.56381
-0.101502
-0.321942
0.950385
0.990826
0.856449
-0.703121
0.545043
-0.997702
-0.406217
-0.447097
-0.997702
0.719078
-0.889489
0.582445
0.935376
0.618268
-0.844505
0.618315
-0.993637
-0.235314
-0.146513
-0.927035
0.212944
-0.364523
0.99593
0.806231
0.974578
0.25689
-0.670256
0.0788505
0.990797
0.995914
0.686789
-0.957147
0.963508
-0.636198
-0.999742
-0.957207
0.124228
0.46701
0.0335132
-0.993676
-0.969303
-0.868041
0.749686
-0.67037
0.98368
0.686745
0.779053
0.832375
-0.987503
0.974582
0.168436
-0.321582
0.300164
0.878926
-0.969257
0.426751
1
