0.000000
-0.904442
0.246062
-0.476993
0.953811
0.946779
0.985667
-0.224095
-0.157551
-0.554395
0.627269
0.726799
-0.179827
-0.742136
0.661820
0.496734
-0.246062
0.112767
0.999425
-0.884241
0.992284
0.289609
0.022599
0.771665
0.267904
-0.289609
-0.726799
0.090282
-0.135193
-0.996873
0.742136
-0.966412
0.224095
0.591436
-0.090282
-0.931266
0.977038
-0.374839
-0.989228
-0.971973
-0.112767
0.785841
-0.535445
-0.785841
-0.353792
-0.812984
-0.457009
0.695020
0.067752
-0.894570
-0.913852
-0.067752
0.838465
-0.711091
-0.516221
0.135193
-0.311166
-0.946779
0.994832
-0.825936
-0.757094
-0.627269
-0.998404
0.535445
-0.591436
0.966412
0.850567
0.971973
0.353792
-0.799617
0.353792
0.971973
0.850567
0.966412
-0.591436
0.535445
-0.998404
-0.627269
-0.757094
-0.825936
0.994832
-0.946779
-0.311166
0.135193
-0.516221
-0.711091
0.838465
-0.067752
-0.913852
-0.894570
0.067752
0.695020
-0.457009
-0.812984
-0.353792
-0.785841
-0.535445
0.785841
-0.112767
-0.971973
-0.989228
-0.374839
0.977038
-0.931266
-0.090282
0.591436
0.224095
-0.966412
0.742136
-0.996873
-0.135193
0.090282
-0.726799
-0.289609
0.267904
0.771665
0.022599
0.289609
0.992284
-0.884241
0.999425
0.112767
-0.246062
0.496734
0.661820
-0.742136
-0.179827
0.726799
0.627269
-0.554395
-0.157551
-0.224095
0.985667
0.946779
0.953811
-0.476993
0.246062
-0.904442
-0.000000
