1.000000
0.426597
-0.969254
0.878907
0.300406
-0.321885
0.168700
0.974567
-0.987511
0.832254
0.778803
0.686850
0.983698
-0.670250
0.749663
-0.867903
-0.969254
-0.993622
0.033896
0.467031
0.123988
-0.957145
-0.999745
-0.636030
0.963446
-0.957145
0.686850
0.995916
0.990819
0.079022
-0.670250
0.256999
0.974567
0.806352
0.995916
-0.364339
0.213067
-0.927090
-0.146381
-0.235093
-0.993622
0.618428
-0.844570
0.618428
0.935324
0.582286
-0.889462
0.718991
-0.997702
-0.446928
-0.406048
-0.997702
0.544955
-0.703100
0.856455
0.990819
0.950356
-0.321885
-0.101531
-0.563765
0.653307
0.778803
-0.056473
-0.844570
0.806352
0.256999
-0.525867
-0.235093
0.935324
-0.600511
0.935324
-0.235093
-0.525867
0.256999
0.806352
-0.844570
-0.056473
0.778803
0.653307
-0.563765
-0.101531
-0.321885
0.950356
0.990819
0.856455
-0.703100
0.544955
-0.997702
-0.406048
-0.446928
-0.997702
0.718991
-0.889462
0.582286
0.935324
0.618428
-0.844570
0.618428
-0.993622
-0.235093
-0.146381
-0.927090
0.213067
-0.364339
0.995916
0.806352
0.974567
0.256999
-0.670250
0.079022
0.990819
0.995916
0.686850
-0.957145
0.963446
-0.636030
-0.999745
-0.957145
0.123988
0.467031
0.033896
-0.993622
-0.969254
-0.867903
0.749663
-0.670250
0.983698
0.686850
0.778803
0.832254
-0.987511
0.974567
0.168700
-0.321885
0.300406
0.878907
-0.969254
0.426597
1.000000
