0.364920 
-0.752842 
0.875913 
-0.369930 
-0.284297 
0.775180 
-0.743295 
0.341801 
0.200641 
-0.657016 
0.732162 
-0.371676 
-0.233051 
0.573324 
-0.643119 
0.433066 
0.082850 
-0.603719 
0.742388 
-0.394873 
-0.111544 
0.526113 
-0.602560 
0.324726 
0.094749 
-0.376094 
0.488746 
-0.286551 
-0.074839 
0.355682 
-0.404309 
0.196520 
0.138709 
-0.369935 
0.300978 
-0.061944 
-0.196167 
0.383260 
-0.227095 
-0.120714 
0.389265 
-0.415412 
0.231459 
0.143155 
-0.383240 
0.521162 
-0.289720 
-0.185784 
0.585044 
-0.657682 
0.250967 
0.245549 
-0.617505 
0.608945 
-0.355311 
-0.154892 
0.636243 
-0.749359 
0.428328 
0.137891 
-0.663386 
0.815785 
-0.499501 
-0.023462 
0.545347 
-0.790905 
0.627310 
-0.006846 
-0.445278 
0.731454 
-0.568129 
0.108453 
0.318647 
-0.597398 
0.637475 
-0.251155 
-0.152831 
0.531936 
-0.578896 
0.371178 
0.185021 
-0.485229 
0.535668 
-0.364516 
-0.078285 
0.295796 
-0.374333 
0.157273 
-0.014741 
-0.243205 
0.328885 
-0.149084 
-0.031948 
0.147035 
-0.291258 
0.126563 
0.056460 
-0.169544 
0.216281 
-0.118376 
-0.176414 
0.211904 
-0.139320 
0.056933 
0.180667 
-0.135894 
0.151534 
-0.004203 
-0.202322 
0.242376 
-0.196145 
0.036126 
0.193289 
-0.318240 
0.167720 
-0.122226 
-0.165529 
0.251407 
-0.194582 
0.097135 
0.101723 
-0.219142 
0.156289 
-0.048285 
-0.020007 
0.153548 
-0.197481 
0.170250 
0.011189 
-0.078472 
0.209013 
-0.147711 
0.102048 
-0.014550 
-0.016943 
0.141417 
-0.206919 
0.133780 
-0.009604 
-0.100158 
0.141282 
-0.158416 
0.135560 
0.042212 
-0.189257 
0.181423 
-0.170379 
0.006806 
0.209260 
-0.264998 
0.252358 
0.053009 
-0.179364 
0.347766 
-0.223928 
0.107140 
0.206114 
-0.325029 
0.370911 
-0.066702 
-0.211358 
0.432349 
-0.435433 
0.104505 
0.304930 
-0.545248 
0.500645 
-0.188545 
-0.321664 
0.578806 
-0.579224 
0.146112 
0.326965 
-0.627070 
0.704767 
-0.342331 
-0.213013 
0.669421 
-0.850642 
0.500983 
0.176678 
-0.717233 
0.805193 
-0.545488 
-0.055950 
0.639507 
-0.909056 
0.652705 
-0.110095 
-0.537154 
0.781432 
-0.832662 
0.224863 
0.391776 
-0.763517 
0.832401 
-0.304968 
-0.371269 
0.670620 
-0.764771 
0.397101 
0.111689 
-0.587204 
0.733180 
-0.456495 
0.033274 
0.472466 
-0.726476 
0.380271 
-0.119627 
-0.341671 
0.488402 
-0.436808 
0.091037 
0.245090 
-0.423683 
0.346605 
-0.184034 
-0.134782 
0.307799 
-0.259490 
0.157323 
0.238469 
-0.360941 
0.223411 
0.032544 
-0.127691 
0.269296 
-0.187323 
0.040682 
0.168575 
-0.249249 
0.162533 
0.038300 
-0.216636 
0.264078 
-0.161035 
-0.091280 
0.307201 
-0.331047 
0.188395 
0.057923 
-0.336988 
0.375565 
-0.172139 
-0.026365 
0.224800 
-0.322540 
0.139666 
0.067746 
-0.272421 
0.224374 
-0.160627 
-0.071062 
0.160890 
-0.188513 
-0.037250 
0.029539 
-0.123403 
0.013974 
0.120276 
-0.265288 
0.126755 
0.028183 
-0.097292 
0.290482 
-0.284141 
-0.033379 
0.408413 
-0.416882 
0.390535 
0.118764 
-0.445404 
0.616559 
-0.415680 
0.007192 
0.495327 
-0.748071 
0.434451 
-0.027042 
-0.589837 
0.778790 
-0.557656 
0.065189 
0.566475 
-0.740373 
0.644502 
-0.150978 
-0.527171 
0.725691 
-0.542043 
0.262819 
0.529095 
-0.668347 
0.572668 
-0.051450 
-0.365687 
0.567372 
-0.487211 
0.142671 
0.343309 
-0.563641 
0.308657 
-0.011691 
-0.423510 
0.448891 
-0.220126 
-0.103919 
0.545776 
-0.406336 
0.060909 
0.325780 
-0.536102 
0.406133 
-0.005747 
-0.403554 
0.614921 
-0.454374 
0.031385 
0.420703 
-0.601084 
0.571592 
0.096652 
-0.493203 
0.595521 
-0.425508 
-0.015958 
0.504235 
-0.612428 
0.464230 
0.038207 
-0.418757 
0.506749 
-0.383995 
-0.017262 
0.395049 
-0.398053 
0.207970 
0.060601 
-0.372701 
0.187062 
-0.017487 
-0.173727 
0.204019 
-0.094030 
-0.244866 
0.351761 
-0.129693 
-0.081731 
0.371914 
-0.612817 
0.186924 
0.181238 
-0.562053 
0.738443 
-0.426321 
-0.163477 
0.667362 
-0.840249 
0.545980 
0.135159 
-0.767620 
0.928486 
-0.573689 
-0.027335 
0.695843 
-0.926666 
0.699929 
-0.065212 
-0.553587 
0.884184 
-0.670984 
0.211633 
0.437788 
-0.736991 
0.656008 
-0.331476 
-0.229744 
0.540918 
-0.485543 
0.281930 
0.080411 
-0.178295 
0.221884 
-0.244114 
0.168577 
-0.074352 
-0.039078 
0.146236 
-0.184100 
0.389249 
-0.280202 
0.136822 
0.188512 
-0.494277 
0.506149 
-0.280420 
-0.178887 
0.668936 
-0.711062 
0.362791 
0.172311 
-0.596794 
0.790235 
-0.649056 
-0.030823 
0.654505 
-0.873289 
0.627658 
-0.087840 
-0.564516 
0.842040 
-0.722244 
0.112252 
0.490511 
-0.802969 
0.619160 
-0.137886 
-0.384004 
0.680830 
-0.445187 
0.072525 
0.383074 
-0.567390 
0.372922 
-0.038098 
-0.428400 
0.307850 
-0.219989 
-0.136679 
0.329351 
-0.336402 
0.052367 
0.226404 
-0.388718 
0.221931 
0.035165 
-0.353149 
0.404322 
-0.158507 
-0.182592 
0.424940 
-0.451128 
0.055901 
0.311032 
-0.582977 
0.402607 
0.044977 
-0.464603 
0.662002 
-0.424717 
-0.007197 
0.487456 
-0.608110 
0.437405 
0.114429 
-0.695631 
0.737698 
-0.404666 
-0.147529 
0.664168 
-0.704193 
0.435385 
0.264015 
-0.687736 
0.763193 
-0.424645 
-0.270570 
0.693706 
-0.794926 
0.409704 
0.191965 
-0.777580 
0.734610 
-0.401800 
-0.186726 
0.551591 
-0.770493 
0.554309 
-0.016190 
-0.504643 
0.655051 
-0.459662 
-0.011354 
0.361308 
-0.591996 
0.431861 
-0.154701 
-0.235117 
0.387804 
-0.294265 
0.189863 
0.057851 
-0.213097 
0.176574 
-0.180651 
0.052600 
0.022130 
-0.060520 
0.128850 
-0.158923 
0.156262 
-0.076971 
-0.151611 
0.292149 
-0.309192 
0.202768 
0.064359 
-0.281424 
0.359518 
-0.373226 
-0.009926 
0.232363 
-0.427839 
0.392229 
-0.278115 
-0.222085 
0.501893 
-0.489664 
0.283518 
0.126846 
-0.302048 
0.391368 
-0.254603 
-0.107383 
0.361181 
-0.354549 
0.199681 
0.028179 
-0.367623 
0.282240 
-0.133473 
-0.113161 
0.264133 
-0.218891 
0.092479 
0.040414 
-0.311771 
0.182114 
0.035405 
-0.249683 
0.278608 
-0.184538 
-0.084498 
0.273402 
-0.275308 
0.148539 
0.103853 
-0.357240 
0.343270 
-0.227983 
-0.086017 
0.312201 
-0.457234 
0.358078 
0.007348 
-0.314504 
0.449808 
-0.452222 
0.077283 
0.336070 
-0.534172 
0.510616 
-0.279127 
-0.221163 
0.419121 
-0.571097 
0.342907 
-0.007419 
-0.411117 
0.521888 
-0.457972 
0.147807 
0.306489 
-0.531409 
0.488690 
-0.186792 
-0.171245 
0.389842 
-0.559656 
0.335176 
0.113450 
-0.323714 
0.558337 
-0.294832 
0.075259 
0.275402 
-0.442608 
0.326147 
-0.148966 
-0.165507 
0.351271 
-0.317707 
0.073351 
0.119565 
-0.236366 
0.261576 
-0.126963 
0.012719 
0.255240 
-0.198450 
0.120646 
-0.016317 
-0.067169 
0.065002 
-0.069608 
-0.010727 
0.059833 
0.046874 
-0.111812 
0.051531 
0.091634 
-0.150732 
0.182260 
-0.090002 
0.017973 
0.111851 
-0.255491 
0.184248 
0.048179 
-0.225369 
0.255182 
-0.179533 
0.073654 
0.085544 
-0.230285 
0.250594 
-0.094726 
-0.128118 
0.210939 
-0.212067 
0.062254 
0.128790 
-0.210618 
0.232552 
-0.181323 
-0.058384 
0.184351 
-0.104573 
0.139896 
-0.024250 
-0.010693 
0.062566 
0.012517 
0.079478 
-0.071861 
0.158799 
0.043116 
-0.138578 
0.188352 
-0.259342 
0.120865 
0.210820 
-0.294008 
0.437231 
-0.176378 
-0.042795 
0.368016 
-0.493671 
0.325898 
0.115624 
-0.388563 
0.522212 
-0.506860 
0.086802 
0.392708 
-0.606478 
0.592817 
-0.137477 
-0.255970 
0.645828 
-0.631068 
0.278700 
0.174111 
-0.683587 
0.680854 
-0.302946 
-0.091761 
0.491757 
-0.580730 
0.451747 
-0.082531 
-0.397241 
0.477574 
-0.464513 
0.177781 
0.269553 
-0.357437 
0.411299 
-0.170602 
-0.034252 
0.311188 
-0.319629 
0.326006 
-0.134528 
-0.027700 
0.269615 
-0.347810 
0.245984 
-0.095999 
-0.081139 
0.234095 
-0.318824 
0.318252 
-0.093791 
-0.170470 
0.404102 
-0.347347 
0.273061 
0.104217 
-0.414600 
0.564178 
-0.397802 
0.037525 
0.280319 
-0.486339 
0.367383 
-0.158057 
-0.216131 
0.402943 
-0.437224 
0.222060 
0.092718 
-0.232059 
0.345545 
-0.191175 
-0.001780 
0.182569 
-0.231883 
0.187266 
0.012274 
-0.037888 
-0.016571 
-0.030343 
0.004957 
-0.094183 
0.141896 
-0.163553 
0.060351 
0.148062 
-0.338250 
0.346119 
-0.211334 
-0.195982 
0.431711 
-0.511753 
0.307138 
0.116487 
-0.540807 
0.742715 
-0.557045 
-0.006159 
0.564029 
-0.867079 
0.669124 
-0.169830 
-0.521786 
0.948791 
-0.850755 
0.315670 
0.454340 
-0.964603 
0.958117 
-0.452895 
-0.295540 
0.907412 
-1.063899 
0.670128 
0.100473 
-0.718037 
1.089946 
-0.828105 
0.118924 
0.603790 
-1.028908 
0.797927 
-0.311291 
-0.379310 
0.916440 
-0.907853 
0.439019 
0.170214 
-0.659544 
0.926381 
-0.688218 
0.135999 
0.538900 
-0.841019 
0.813768 
-0.261433 
-0.263319 
0.689534 
-0.795697 
0.454951 
0.057717 
-0.516918 
0.743016 
-0.602920 
0.202434 
0.369758 
-0.787499 
0.795180 
-0.366955 
-0.274303 
0.708841 
-0.827910 
0.465720 
0.060825 
-0.663659 
0.902872 
-0.763480 
0.063760 
0.564062 
-0.864237 
0.691410 
-0.270101 
-0.433844 
0.815823 
-0.794492 
0.361812 
0.223722 
-0.736632 
0.834263 
-0.535733 
-0.111174 
0.618995 
-0.765692 
0.623932 
-0.031545 
-0.501594 
0.750652 
-0.617005 
0.190812 
0.262087 
-0.643917 
0.597922 
-0.326691 
-0.213028 
0.496029 
-0.478265 
0.361961 
-0.019201 
-0.406308 
0.525488 
-0.420193 
0.166850 
0.219931 
-0.378604 
0.411692 
-0.254959 
-0.027182 
0.252260 
-0.393318 
0.305978 
-0.071338 
-0.262116 
0.371959 
-0.329104 
0.123172 
0.069003 
-0.365331 
0.322016 
-0.134029 
0.011379 
0.260467 
-0.303922 
0.196951 
0.003502 
-0.257436 
0.304031 
-0.203207 
-0.058485 
0.175345 
-0.314742 
0.072604 
0.088059 
-0.265972 
0.190225 
-0.062837 
-0.184549 
0.294290 
-0.232452 
0.129276 
0.225666 
-0.272784 
0.314913 
-0.107020 
-0.236495 
0.405833 
-0.340182 
0.074840 
0.227684 
-0.501833 
0.468898 
-0.025269 
-0.317158 
0.583662 
-0.449066 
0.163782 
0.230733 
-0.540198 
0.415516 
-0.052993 
-0.187135 
0.430596 
-0.409291 
0.281998 
0.110083 
-0.344922 
0.425853 
-0.175041 
-0.075012 
0.230301 
-0.314775 
0.169885 
0.028743 
-0.135615 
0.059727 
-0.096060 
0.095404 
0.010335 
0.038330 
-0.050308 
0.033012 
0.089756 
-0.170096 
0.165695 
-0.096300 
-0.095665 
0.306169 
-0.308441 
0.132053 
0.113142 
-0.352732 
0.446995 
-0.314821 
0.059682 
0.379398 
-0.570586 
0.490544 
-0.090113 
-0.319092 
0.519873 
-0.464137 
0.147378 
0.263857 
-0.428709 
0.416289 
-0.257443 
-0.187376 
0.321069 
-0.380615 
0.261615 
0.033766 
-0.200218 
0.347049 
-0.165492 
0.114706 
0.080921 
-0.135809 
0.204354 
-0.107482 
0.169152 
0.047931 
-0.024040 
0.183604 
-0.180596 
0.208446 
-0.178170 
-0.057190 
0.252664 
-0.386367 
0.326175 
-0.026068 
-0.359959 
0.472979 
-0.491824 
0.177078 
0.250591 
-0.587301 
0.582976 
-0.303702 
-0.241500 
0.604629 
-0.734490 
0.435746 
0.066237 
-0.590427 
0.757489 
-0.537793 
0.083834 
0.571795 
-0.701864 
0.510019 
-0.163258 
-0.455899 
0.628626 
-0.525981 
0.175426 
0.210606 
-0.580859 
0.404598 
-0.169560 
-0.169373 
0.402629 
-0.397376 
0.063592 
0.137049 
-0.328434 
0.287343 
-0.110868 
-0.032925 
0.264875 
-0.184806 
0.061037 
0.158206 
-0.259631 
0.126404 
0.082736 
-0.221563 
0.105141 
-0.026831 
-0.097319 
0.176896 
-0.152567 
0.068798 
0.054817 
-0.184782 
0.179212 
-0.033897 
-0.139275 
0.127067 
-0.187396 
0.049244 
0.047997 
-0.119317 
0.074900 
-0.047887 
0.012615 
0.066601 
-0.039795 
0.012336 
0.024953 
0.033936 
-0.107281 
0.025845 
0.005918 
-0.181244 
0.235577 
-0.235039 
0.154124 
0.093487 
-0.294303 
0.295356 
-0.231708 
-0.029009 
0.240853 
-0.377970 
0.310592 
0.005409 
-0.296003 
0.430761 
-0.440024 
0.168825 
0.146130 
-0.556774 
0.546091 
-0.331648 
0.001528 
0.355090 
-0.667754 
0.532932 
-0.140642 
-0.310960 
0.607674 
-0.601770 
0.380770 
0.130012 
-0.492834 
0.668278 
-0.557726 
0.055566 
0.362958 
-0.670706 
0.587111 
-0.380945 
-0.118546 
0.555540 
-0.657568 
0.543452 
-0.092799 
-0.316820 
0.644297 
-0.760673 
0.403691 
0.159440 
-0.572702 
0.692978 
-0.576597 
0.126225 
0.377563 
-0.704288 
0.667203 
-0.352678 
-0.055552 
0.481772 
-0.719661 
0.605513 
-0.220070 
-0.253392 
0.605032 
-0.654226 
0.299938 
-0.017799 
-0.407698 
0.593687 
-0.442294 
0.206301 
0.167566 
-0.531060 
0.531661 
-0.424525 
0.066826 
0.364556 
-0.595234 
0.466153 
-0.258602 
-0.228999 
0.357737 
-0.506595 
0.319813 
-0.115260 
-0.282646 
0.447960 
-0.385095 
0.223108 
0.098646 
-0.288587 
0.264457 
-0.249014 
0.097596 
0.138363 
-0.234773 
0.233814 
-0.101795 
-0.119134 
0.213832 
-0.193677 
0.070482 
0.010811 
-0.122323 
0.084459 
0.026198 
-0.117207 
0.046630 
-0.037681 
-0.018058 
0.162935 
-0.096508 
-0.067933 
0.225621 
-0.180626 
0.252829 
0.087853 
-0.288634 
0.306423 
-0.278607 
0.072482 
0.266783 
-0.454242 
0.439574 
-0.234840 
-0.204949 
0.582970 
-0.680601 
0.420143 
0.084628 
-0.538718 
0.722876 
-0.499363 
0.018877 
0.431354 
-0.813448 
0.667016 
-0.297740 
-0.263089 
0.693081 
-0.771394 
0.497800 
0.141368 
-0.461337 
0.706515 
-0.515104 
0.083266 
0.284403 
-0.569348 
0.580973 
-0.241927 
-0.148297 
0.391690 
-0.509787 
0.294973 
0.002932 
-0.232239 
0.392357 
-0.289438 
0.210765 
0.025714 
-0.120723 
0.239583 
-0.229553 
0.183573 
-0.069799 
-0.109298 
0.210791 
-0.211279 
0.240449 
-0.116421 
-0.088376 
0.152365 
-0.294812 
0.251403 
-0.155051 
-0.171378 
0.256030 
-0.362532 
0.332693 
0.011573 
-0.257910 
0.339969 
-0.398149 
0.217262 
0.015293 
-0.337851 
0.462498 
-0.327287 
0.117798 
0.158237 
-0.402185 
0.445135 
-0.366294 
0.068451 
0.250812 
-0.410393 
0.503680 
-0.308735 
-0.062609 
0.323241 
-0.474418 
0.414115 
-0.167242 
-0.158374 
0.429601 
-0.526215 
0.337876 
0.040160 
-0.340882 
0.485617 
-0.463306 
0.185375 
0.091477 
-0.480140 
0.492281 
-0.408931 
0.054999 
0.311075 
-0.557873 
0.451261 
-0.246903 
-0.061264 
0.312169 
-0.498253 
0.384649 
-0.184203 
-0.162785 
0.410487 
-0.490775 
0.357699 
-0.060007 
-0.296414 
0.492711 
-0.517642 
0.366599 
0.101808 
-0.394807 
0.543963 
-0.558446 
0.191571 
0.281783 
-0.581471 
0.554174 
-0.462022 
-0.138431 
0.451395 
-0.648326 
0.566033 
-0.135581 
-0.351982 
0.743367 
-0.668776 
0.378889 
0.166639 
-0.684291 
0.732779 
-0.514767 
-0.005725 
0.481566 
-0.780780 
0.564554 
-0.144056 
-0.414621 
0.771120 
-0.592526 
0.163242 
0.279988 
-0.670544 
0.541895 
-0.331702 
-0.183730 
0.473099 
-0.632336 
0.282067 
0.158316 
-0.451576 
0.501930 
-0.221923 
-0.098271 
0.316569 
-0.433402 
0.238275 
0.052617 
-0.243881 
0.377744 
-0.211358 
-0.063581 
0.173842 
-0.218250 
0.119472 
0.124039 
-0.171147 
0.196369 
-0.014455 
-0.135889 
0.248716 
-0.144075 
-0.026192 
0.160653 
-0.265113 
0.057270 
0.113389 
-0.283447 
0.265269 
-0.023727 
-0.154251 
0.338217 
-0.282189 
0.120860 
0.219910 
-0.440503 
0.423557 
-0.197555 
-0.211599 
0.496046 
-0.484785 
0.295372 
0.065492 
-0.589005 
0.693591 
-0.444947 
-0.120978 
0.462666 
-0.767150 
0.563598 
-0.037464 
-0.390137 
0.859798 
-0.705753 
0.262816 
0.395191 
-0.817501 
0.920640 
-0.665514 
-0.062867 
0.725345 
-1.026201 
0.790096 
-0.138462 
-0.516559 
0.968154 
-0.874543 
0.377685 
0.325081 
-0.870704 
0.990188 
-0.630618 
-0.034551 
0.703626 
-0.929040 
0.661276 
-0.205752 
-0.442093 
0.804962 
-0.884856 
0.395194 
0.184382 
-0.616888 
0.788525 
-0.579828 
0.039449 
0.358482 
-0.667358 
0.597832 
-0.318565 
-0.139843 
0.441015 
-0.574649 
0.425867 
-0.104715 
-0.192875 
0.415250 
-0.451490 
0.251929 
-0.052279 
-0.099141 
0.412555 
-0.298927 
0.330729 
-0.139277 
-0.169215 
0.349396 
-0.512264 
0.369810 
-0.143539 
-0.246058 
0.522767 
-0.538293 
0.272154 
0.103457 
-0.457193 
0.579663 
-0.520984 
0.043858 
0.336836 
-0.618720 
0.617873 
-0.309038 
-0.274726 
0.668554 
-0.698811 
0.421803 
-0.015224 
-0.507829 
0.603381 
-0.416803 
0.105339 
0.392449 
-0.537298 
0.382677 
-0.068041 
-0.232120 
0.370286 
-0.265946 
0.096087 
0.228571 
-0.358043 
0.205232 
-0.068871 
-0.223722 
0.278882 
-0.030161 
-0.203407 
0.302462 
-0.205624 
-0.066986 
0.237126 
-0.421327 
0.263988 
0.026116 
-0.403776 
0.473726 
-0.443746 
0.031997 
0.352006 
-0.650396 
0.614426 
-0.162503 
-0.426924 
0.735441 
-0.723411 
0.271853 
0.250882 
-0.708289 
0.823982 
-0.442607 
-0.034434 
0.699338 
-0.835927 
0.630578 
-0.144177 
-0.418190 
0.728860 
-0.658223 
0.253480 
0.151558 
-0.644090 
0.718636 
-0.409070 
-0.024682 
0.292840 
-0.562144 
0.392209 
-0.235315 
-0.118706 
0.364393 
-0.418229 
0.288796 
-0.087776 
-0.082326 
0.243075 
-0.304091 
0.241621 
-0.056620 
0.010329 
0.174523 
-0.460678 
0.391511 
-0.226720 
-0.080962 
0.250326 
-0.476294 
0.452794 
-0.124306 
-0.225801 
0.462590 
-0.549163 
0.281496 
0.062077 
-0.461212 
0.714639 
-0.551991 
0.127393 
0.402948 
-0.679322 
0.570467 
-0.291513 
-0.157089 
0.572924 
-0.642930 
0.459544 
-0.013591 
-0.392668 
0.588772 
-0.487005 
0.209385 
0.227612 
-0.474835 
0.472577 
-0.279203 
0.024613 
0.305683 
-0.368822 
0.292976 
-0.083377 
-0.050256 
0.108432 
-0.356915 
0.222156 
-0.018755 
-0.047115 
0.215480 
-0.242508 
0.269351 
-0.111311 
-0.067317 
0.215976 
-0.274278 
0.279404 
-0.051806 
-0.118737 
0.269180 
-0.241030 
0.156244 
0.009606 
-0.217944 
0.264761 
-0.226270 
0.146723 
0.091395 
-0.283086 
0.225151 
-0.154006 
0.085922 
0.036102 
-0.244592 
0.218024 
-0.224862 
0.058826 
0.164744 
-0.255363 
0.266338 
-0.202932 
-0.068316 
0.206933 
-0.337057 
0.280833 
-0.080540 
-0.161926 
0.300985 
-0.406658 
0.165732 
0.079554 
-0.319613 
0.449632 
-0.333750 
0.025312 
0.226361 
-0.416632 
0.347072 
-0.108196 
-0.204138 
0.450849 
-0.371176 
0.120977 
0.168802 
-0.477029 
0.423293 
-0.080305 
-0.119907 
0.374722 
-0.324073 
0.180586 
0.242870 
-0.386469 
0.300429 
-0.026535 
-0.216341 
0.359658 
-0.264660 
0.017812 
0.190527 
-0.371106 
0.270475 
0.008862 
-0.222463 
0.297713 
-0.189651 
-0.120877 
0.283795 
-0.283458 
0.099574 
0.152577 
-0.302689 
0.234940 
-0.152772 
-0.168930 
0.278516 
-0.423241 
0.181300 
0.174946 
-0.341796 
0.349840 
-0.129037 
-0.180103 
0.280092 
-0.351892 
0.118516 
0.137114 
-0.304431 
0.231888 
-0.063221 
-0.154145 
0.225124 
-0.296673 
0.088036 
0.160583 
-0.182273 
0.214618 
-0.071619 
-0.149289 
0.138600 
-0.132245 
0.059151 
0.072931 
-0.130193 
0.032301 
0.039968 
-0.140470 
0.125810 
0.062018 
-0.077063 
0.122244 
-0.178283 
-0.105641 
0.196306 
-0.164276 
0.084269 
0.073737 
-0.269821 
0.267875 
-0.050605 
-0.137621 
0.223718 
-0.264800 
0.147750 
0.020440 
-0.305104 
0.289685 
-0.290597 
-0.043148 
0.196934 
-0.286887 
0.241493 
-0.030907 
-0.169863 
0.303395 
-0.294759 
0.176398 
0.056389 
-0.190622 
0.336230 
-0.217967 
0.050007 
0.153334 
-0.374751 
0.277991 
-0.247765 
0.015185 
0.246161 
-0.350918 
0.294639 
-0.150063 
-0.207968 
0.439834 
-0.523178 
0.168374 
0.098515 
-0.347480 
0.510015 
-0.375805 
-0.080345 
0.337509 
-0.466917 
0.400228 
0.022422 
-0.239981 
0.478064 
-0.364284 
0.156646 
0.152851 
-0.432656 
0.375067 
-0.214166 
-0.030294 
0.386063 
-0.345350 
0.096345 
-0.041154 
-0.282375 
0.282443 
-0.096113 
0.110103 
0.124435 
-0.087843 
0.048718 
-0.059495 
-0.079678 
0.073033 
-0.003286 
0.130632 
0.036184 
0.019993 
-0.026091 
0.063121 
-0.059832 
-0.193733 
0.176939 
0.048471 
-0.068281 
0.235102 
-0.234422 
0.131603 
0.065751 
-0.195332 
0.157614 
-0.161509 
-0.169730 
0.286182 
-0.234193 
0.141514 
0.179842 
-0.327102 
0.256693 
-0.064489 
-0.199587 
0.402680 
-0.266037 
0.084908 
0.241351 
-0.308926 
0.327468 
-0.009264 
-0.334295 
0.523322 
-0.375307 
0.116702 
0.191144 
-0.480089 
0.456696 
-0.084143 
-0.262803 
0.492612 
-0.458692 
0.173423 
0.174693 
-0.470212 
0.510347 
-0.178989 
-0.066860 
0.392527 
-0.417847 
0.233783 
0.019115 
-0.235729 
0.281708 
-0.266851 
0.020367 
0.082051 
-0.345870 
0.250325 
-0.144507 
0.048061 
0.087368 
-0.241671 
0.188816 
-0.132773 
0.022910 
0.163906 
-0.235661 
0.265450 
-0.261234 
0.011940 
0.173945 
-0.322279 
0.420212 
-0.096021 
-0.162442 
0.341045 
-0.329949 
0.220847 
0.041710 
-0.387619 
0.473034 
-0.295751 
0.069873 
0.264851 
-0.399682 
0.250141 
-0.077493 
-0.229783 
0.260623 
-0.182117 
0.027030 
0.124612 
-0.228623 
0.055129 
0.061037 
-0.145948 
0.125564 
0.048823 
-0.253739 
0.244703 
-0.092870 
-0.246045 
0.384980 
-0.265866 
0.091707 
0.324838 
-0.500881 
0.509191 
-0.163894 
-0.320971 
0.711527 
-0.636893 
0.242381 
0.413769 
-0.750592 
0.762161 
-0.405758 
-0.271289 
0.672447 
-0.752429 
0.390064 
0.113577 
-0.715162 
0.896925 
-0.502878 
-0.024616 
0.519672 
-0.776660 
0.632950 
-0.084153 
-0.381661 
0.712858 
-0.635873 
0.173273 
0.283068 
-0.545038 
0.499839 
-0.220884 
-0.095660 
0.339893 
-0.342087 
0.196135 
-0.042281 
-0.187052 
0.232278 
-0.101603 
0.070293 
-0.012990 
-0.030069 
0.045102 
-0.071643 
0.081008 
-0.120038 
0.049136 
-0.076803 
-0.138959 
0.225959 
-0.323555 
0.169829 
0.089221 
-0.247348 
0.324313 
-0.167903 
0.090765 
0.222793 
-0.435350 
0.213296 
-0.097432 
-0.195487 
0.287973 
-0.259877 
0.116103 
0.007093 
-0.201680 
0.376260 
-0.224200 
0.044626 
0.069493 
-0.166461 
0.155637 
-0.171198 
0.033272 
-0.007038 
-0.166235 
0.154926 
-0.059960 
0.049563 
0.000412 
-0.132814 
0.100308 
-0.038837 
0.048928 
0.004023 
-0.103196 
0.070237 
-0.169900 
0.025749 
0.069306 
-0.132705 
0.086910 
-0.085736 
-0.017088 
0.052224 
-0.073326 
-0.027689 
-0.009226 
-0.087929 
0.053040 
-0.048470 
0.060972 
0.002734 
0.037694 
-0.073636 
-0.009106 
0.125212 
-0.087902 
0.134284 
0.002217 
0.009726 
0.205025 
-0.221034 
0.164935 
0.108308 
-0.274347 
0.364021 
-0.295813 
0.079276 
0.166891 
-0.433475 
0.436796 
-0.168848 
-0.168095 
0.529697 
-0.621551 
0.433400 
-0.016927 
-0.446377 
0.734717 
-0.586239 
0.151190 
0.373607 
-0.758684 
0.809332 
-0.320229 
-0.348564 
0.819566 
-0.891822 
0.486741 
0.106314 
-0.782335 
0.939698 
-0.732231 
0.084660 
0.608151 
-0.971370 
0.742074 
-0.163222 
-0.608310 
1.081743 
-0.883003 
0.229847 
0.517586 
-0.987885 
0.918904 
-0.287660 
-0.363406 
0.907658 
-0.926547 
0.481355 
0.294544 
-0.825086 
0.957432 
-0.340327 
-0.185167 
0.776971 
-0.841687 
0.447990 
0.240729 
-0.610196 
0.872276 
-0.419648 
-0.127314 
0.671493 
-0.805367 
0.372936 
0.241308 
-0.653537 
0.704379 
-0.449028 
-0.135003 
0.548542 
-0.713300 
0.435198 
0.121788 
-0.544037 
0.733088 
-0.395465 
-0.141969 
0.564822 
-0.507557 
0.314869 
0.093684 
-0.493977 
0.484984 
-0.265849 
-0.085476 
0.315624 
-0.431066 
0.152863 
0.151229 
-0.411416 
0.252678 
-0.083515 
-0.284930 
0.330472 
-0.194101 
-0.038084 
0.359221 
-0.373599 
0.127728 
0.189264 
-0.433272 
0.582215 
-0.281215 
-0.194564 
0.562796 
-0.617026 
0.201537 
0.163295 
-0.525896 
0.736129 
-0.337430 
-0.238570 
0.645489 
-0.677480 
0.438630 
0.139188 
-0.545352 
0.769040 
-0.549553 
0.004810 
0.506520 
-0.829710 
0.623255 
-0.153263 
-0.470607 
0.765556 
-0.570210 
0.137167 
0.374023 
-0.653988 
0.671591 
-0.292802 
-0.219397 
0.520128 
-0.592112 
0.306852 
0.146972 
-0.415228 
0.393740 
-0.297570 
-0.114891 
0.333719 
-0.410735 
0.246760 
0.032643 
-0.265544 
0.307745 
-0.171577 
-0.057628 
0.241766 
-0.251574 
0.152261 
-0.028875 
-0.164285 
0.204077 
-0.088801 
-0.039507 
0.229930 
-0.072501 
-0.069161 
0.088495 
-0.240033 
0.084785 
0.015710 
-0.154587 
0.278681 
-0.221059 
0.158751 
0.098790 
-0.265036 
0.228021 
-0.010980 
-0.095901 
0.291958 
-0.207542 
0.007906 
0.063219 
-0.158666 
0.183215 
-0.059655 
-0.004405 
0.082792 
-0.118834 
0.175190 
0.005976 
-0.049781 
0.078625 
-0.171412 
0.092154 
-0.051863 
-0.006167 
0.153733 
-0.098648 
0.053893 
-0.090533 
-0.134252 
0.087257 
-0.187874 
0.090851 
0.130648 
-0.179988 
0.205659 
-0.122418 
0.041191 
0.235922 
-0.264120 
0.205674 
-0.051679 
-0.247724 
0.302391 
-0.268182 
0.017740 
0.206187 
-0.399301 
0.281548 
-0.101241 
-0.222880 
0.391887 
-0.442984 
0.129415 
0.295725 
-0.465253 
0.437074 
-0.134762 
-0.244274 
0.643680 
-0.560041 
0.271436 
0.285470 
-0.652404 
0.685024 
-0.278801 
-0.210442 
0.704573 
-0.675785 
0.442214 
0.199920 
-0.666041 
0.853698 
-0.511526 
-0.064685 
0.581966 
-0.877128 
0.573848 
-0.061892 
-0.481088 
0.783037 
-0.723521 
0.154034 
0.412664 
-0.818561 
0.733638 
-0.370371 
-0.188191 
0.723450 
-0.739206 
0.404654 
0.150852 
-0.619536 
0.756269 
-0.442678 
0.020680 
0.539106 
-0.636468 
0.501127 
-0.125364 
-0.339101 
0.512886 
-0.456919 
0.081837 
0.291334 
-0.436408 
0.363773 
-0.073393 
-0.170343 
0.271010 
-0.297033 
0.108215 
0.251341 
-0.291603 
0.268459 
-0.029430 
-0.107578 
0.309699 
-0.204316 
0.047323 
0.248212 
-0.324570 
0.137571 
0.105663 
-0.222712 
0.374767 
-0.153401 
-0.096503 
0.281969 
-0.346023 
0.245186 
0.127736 
-0.353070 
0.250154 
-0.179692 
-0.148277 
0.298085 
-0.315076 
0.179902 
0.039600 
-0.244282 
0.303124 
-0.148597 
-0.086740 
0.236936 
-0.197149 
-0.004114 
0.060861 
-0.233798 
0.102090 
0.089946 
-0.271952 
0.067721 
0.037905 
-0.266702 
0.364317 
-0.216574 
-0.062817 
0.447800 
-0.371867 
0.339550 
0.070129 
-0.467016 
0.580036 
-0.469528 
-0.064923 
0.508867 
-0.673993 
0.439620 
-0.001894 
-0.524365 
0.829232 
-0.607813 
0.022158 
0.566107 
-0.844344 
0.690613 
-0.082558 
-0.460482 
0.670214 
-0.652864 
0.139115 
0.339263 
-0.770497 
0.587700 
-0.101748 
-0.379919 
0.640950 
-0.389467 
0.103672 
0.339267 
-0.492466 
0.418168 
0.049887 
-0.342707 
0.499018 
-0.133718 
-0.196568 
0.382751 
-0.323754 
0.171731 
0.273071 
-0.543822 
0.465559 
-0.004421 
-0.477483 
0.625376 
-0.460365 
-0.072265 
0.498665 
-0.719543 
0.423337 
0.017349 
-0.462356 
0.646706 
-0.468330 
-0.032358 
0.502734 
-0.656065 
0.454796 
0.101961 
-0.401359 
0.554448 
-0.358557 
-0.017242 
0.322450 
-0.348314 
0.209568 
0.130426 
-0.287976 
0.219866 
-0.064666 
-0.168210 
0.294200 
-0.011089 
-0.163788 
0.347808 
-0.196893 
-0.060688 
0.376121 
-0.467922 
0.298159 
0.219071 
-0.706668 
0.726983 
-0.314870 
-0.218817 
0.748658 
-0.826183 
0.448888 
0.126139 
-0.734766 
0.950060 
-0.642608 
-0.063103 
0.663762 
-0.874687 
0.705185 
-0.086416 
-0.539605 
0.907695 
-0.716565 
0.228604 
0.352318 
-0.642476 
0.648099 
-0.276607 
-0.155261 
0.562475 
-0.450868 
0.230156 
-0.034615 
-0.162132 
0.244584 
-0.173278 
0.108434 
-0.043417 
0.066918 
0.133013 
-0.230157 
0.305211 
-0.250238 
0.068377 
0.251912 
-0.517617 
0.480523 
-0.337006 
-0.211850 
0.619898 
-0.725614 
0.479567 
0.152374 
-0.592835 
0.911105 
-0.530589 
0.073121 
0.609502 
-0.825240 
0.643165 
-0.067584 
-0.612929 
0.863852 
-0.662964 
0.111368 
0.551597 
-0.804328 
0.676437 
-0.095354 
-0.388927 
0.669198 
-0.517987 
0.063346 
0.439729 
-0.533676 
0.344050 
0.012228 
-0.354039 
0.469832 
-0.182178 
-0.154352 
0.357315 
-0.304734 
0.045054 
0.212105 
-0.398827 
0.177598 
0.073703 
-0.336346 
0.420621 
-0.142007 
-0.159871 
0.493294 
-0.454567 
0.149930 
0.339730 
-0.504138 
0.465853 
-0.006921 
-0.372857 
0.569230 
-0.446915 
-0.011505 
0.551981 
-0.687090 
0.426345 
0.129010 
-0.621239 
0.738079 
-0.439298 
-0.155112 
0.670590 
-0.704425 
0.414986 
0.225826 
-0.720702 
0.750595 
-0.424440 
-0.170495 
0.704524 
-0.728566 
0.468518 
0.193521 
-0.688039 
0.830945 
-0.508395 
-0.113971 
0.615844 
-0.764361 
0.476767 
0.015517 
-0.540685 
0.699687 
-0.467789 
0.030733 
0.339430 
-0.571282 
0.374250 
-0.113151 
-0.177875 
0.429465 
-0.395054 
0.168752 
0.061322 
-0.302095 
0.249377 
-0.241885 
0.116285 
0.010645 
-0.106650 
0.215214 
-0.265178 
0.153959 
-0.035284 
-0.074832 
0.237956 
-0.306027 
0.225778 
-0.039049 
-0.273790 
0.484585 
-0.356185 
0.063271 
0.195535 
-0.527757 
0.347810 
-0.176654 
-0.238896 
0.456243 
-0.488660 
0.256779 
0.121322 
-0.359873 
0.384384 
-0.215695 
-0.069249 
0.351471 
-0.373417 
0.189929 
-0.019059 
-0.282798 
0.353076 
-0.201056 
-0.104874 
0.218849 
-0.188233 
0.072653 
0.135465 
-0.257773 
0.224574 
-0.097167 
-0.220347 
0.220599 
-0.134233 
0.051363 
0.215614 
-0.321431 
0.198863 
0.059473 
-0.317916 
0.462020 
-0.200164 
-0.013758 
0.259986 
-0.444701 
0.296573 
0.006557 
-0.276767 
0.503671 
-0.323358 
0.161651 
0.224672 
-0.539655 
0.428113 
-0.229320 
-0.171955 
0.527860 
-0.461588 
0.247249 
0.043825 
-0.343031 
0.522274 
-0.525879 
-0.036280 
0.329066 
-0.546162 
0.526140 
-0.217966 
-0.182371 
0.442982 
-0.481772 
0.265950 
-0.017835 
-0.368124 
0.531281 
-0.439653 
0.062060 
0.282143 
-0.446272 
0.399534 
-0.180355 
-0.176368 
0.363221 
-0.370863 
0.142397 
0.095585 
-0.279154 
0.235520 
-0.105582 
0.029203 
0.168067 
-0.202352 
0.191846 
0.009314 
-0.032721 
0.153998 
0.056994 
-0.063746 
0.018773 
0.113312 
-0.029273 
0.089088 
0.045457 
-0.087821 
0.143876 
-0.092825 
-0.063358 
0.112433 
-0.246587 
0.130656 
0.097882 
-0.178835 
0.165286 
-0.229769 
0.074290 
0.175712 
-0.225061 
0.276855 
-0.087787 
-0.105920 
0.295723 
-0.243380 
0.064986 
0.087562 
-0.208138 
0.185842 
-0.151053 
-0.055012 
0.123167 
-0.128103 
0.098645 
-0.001163 
-0.058185 
-0.032354 
-0.068004 
0.025095 
-0.121092 
0.066313 
-0.028911 
-0.084763 
0.242678 
-0.289240 
0.122832 
0.096364 
-0.395484 
0.350416 
-0.263277 
-0.072012 
0.310776 
-0.406434 
0.359106 
0.037908 
-0.281990 
0.610705 
-0.403029 
-0.011826 
0.370648 
-0.603039 
0.602234 
-0.227604 
-0.288075 
0.587756 
-0.587474 
0.383513 
0.191330 
-0.554550 
0.653196 
-0.384178 
-0.133335 
0.514677 
-0.638788 
0.455039 
0.010863 
-0.378105 
0.561662 
-0.449098 
0.157311 
0.235856 
-0.405880 
0.500253 
-0.298155 
-0.020363 
0.273187 
-0.428104 
0.301194 
-0.148777 
-0.094579 
0.217780 
-0.348803 
0.261604 
-0.091587 
-0.124553 
0.266570 
-0.380358 
0.212574 
-0.114681 
-0.246183 
0.400463 
-0.436460 
0.205424 
0.139377 
-0.422707 
0.430911 
-0.242305 
0.031173 
0.250803 
-0.357121 
0.451177 
-0.158530 
-0.199169 
0.412827 
-0.412570 
0.227662 
0.080949 
-0.233510 
0.287191 
-0.208192 
-0.014980 
0.164371 
-0.238972 
0.172650 
0.032402 
-0.019169 
-0.015382 
-0.058506 
-0.018011 
-0.063389 
0.121302 
-0.179448 
0.064744 
0.097637 
-0.282296 
0.388858 
-0.236871 
-0.140755 
0.452041 
-0.543447 
0.308733 
0.198024 
-0.524183 
0.716860 
-0.506787 
0.056505 
0.619350 
-0.833744 
0.663445 
-0.124828 
-0.515248 
0.977415 
-0.856171 
0.304805 
0.472735 
-0.945928 
1.034975 
-0.496062 
-0.274131 
0.881429 
-1.116585 
0.621327 
0.094289 
-0.829286 
0.971876 
-0.807885 
0.074717 
0.596445 
-1.042339 
0.854310 
-0.229469 
-0.415094 
0.909678 
-0.970515 
0.484571 
0.167836 
-0.713932 
0.919496 
-0.586369 
0.053251 
0.515773 
-0.805362 
0.720050 
-0.242650 
-0.250478 
0.687521 
-0.824546 
0.526348 
0.011312 
-0.638252 
0.810139 
-0.658565 
0.206566 
0.408968 
-0.835695 
0.827618 
-0.360058 
-0.262496 
0.772694 
-0.804596 
0.614460 
0.066410 
-0.640464 
0.829769 
-0.663473 
0.156542 
0.494738 
-0.845077 
0.786778 
-0.201584 
-0.367924 
0.783132 
-0.796393 
0.410195 
0.307512 
-0.795561 
0.865516 
-0.476088 
-0.138343 
0.561932 
-0.877337 
0.534755 
-0.046481 
-0.465421 
0.770706 
-0.582869 
0.199095 
0.338788 
-0.592837 
0.612292 
-0.317469 
-0.195579 
0.484826 
-0.555633 
0.425257 
0.017245 
-0.335387 
0.490599 
-0.469126 
0.133093 
0.211976 
-0.346383 
0.470064 
-0.287105 
0.028075 
0.286282 
-0.356180 
0.353861 
-0.005327 
-0.222340 
0.371997 
-0.327540 
0.126612 
0.050882 
-0.334502 
0.399729 
-0.128326 
-0.102613 
0.341132 
-0.360361 
0.185403 
0.002100 
-0.264416 
0.282550 
-0.160756 
-0.011452 
0.239260 
-0.247560 
0.101746 
0.043301 
-0.194882 
0.206747 
-0.108081 
-0.149601 
0.315775 
-0.319811 
0.005257 
0.172905 
-0.312471 
0.274789 
-0.060948 
-0.279214 
0.437589 
-0.364162 
0.159434 
0.244264 
-0.430947 
0.353530 
-0.098024 
-0.304672 
0.549600 
-0.386401 
0.149107 
0.258380 
-0.605398 
0.463475 
-0.244353 
-0.168031 
0.426573 
-0.435026 
0.213995 
0.004385 
-0.363163 
0.360268 
-0.196306 
-0.018127 
0.219599 
-0.257761 
0.190913 
-0.029694 
-0.131458 
0.164828 
-0.063548 
-0.054073 
-0.005107 
-0.006833 
0.028859 
0.085110 
0.134447 
-0.212054 
0.181125 
-0.110701 
-0.150096 
0.228385 
-0.295707 
0.221392 
0.119959 
-0.321382 
0.463730 
-0.285073 
-0.039754 
0.378097 
-0.494801 
0.440681 
-0.061099 
-0.312575 
0.519566 
-0.435186 
0.154563 
0.254277 
-0.436087 
0.448705 
-0.231497 
-0.101948 
0.403805 
-0.405468 
0.308036 
0.012088 
-0.240849 
0.279747 
-0.221728 
0.151473 
0.113323 
-0.134453 
0.149065 
-0.171737 
0.132214 
0.037006 
-0.058340 
0.151232 
-0.229655 
0.204834 
-0.163164 
-0.118052 
0.304299 
-0.415246 
0.345639 
-0.009005 
-0.347927 
0.524053 
-0.475960 
0.094309 
0.325693 
-0.589545 
0.611440 
-0.293540 
-0.238526 
0.759914 
-0.701030 
0.391057 
0.165633 
-0.627005 
0.791092 
-0.432016 
0.016446 
0.607668 
-0.622601 
0.565385 
-0.059039 
-0.346864 
0.672599 
-0.559917 
0.144356 
0.273501 
-0.517379 
0.523106 
-0.225148 
-0.237551 
0.420255 
-0.420407 
0.152527 
0.119098 
-0.306293 
0.349015 
-0.102207 
-0.180495 
0.332944 
-0.237058 
-0.046357 
0.120651 
-0.160166 
0.071407 
-0.005760 
-0.198363 
0.118915 
-0.116083 
-0.058737 
0.109049 
-0.072904 
0.068131 
0.095427 
-0.153786 
0.152724 
-0.033766 
-0.101797 
0.223732 
-0.191059 
0.094287 
0.093986 
-0.109594 
0.009675 
0.039672 
-0.008006 
0.035394 
-0.030932 
-0.022144 
0.026612 
0.024774 
-0.012227 
0.080642 
-0.021217 
-0.025638 
0.187962 
-0.165294 
0.057666 
0.139365 
-0.275792 
0.225488 
-0.193743 
-0.102007 
0.257796 
-0.401977 
0.372765 
-0.082850 
-0.251175 
0.477449 
-0.454310 
0.191433 
0.162034 
-0.466475 
0.576449 
-0.396179 
-0.011664 
0.420006 
-0.633607 
0.539258 
-0.169540 
-0.340884 
0.676216 
-0.661983 
0.310499 
0.090059 
-0.524251 
0.725903 
-0.539630 
0.149695 
0.391831 
-0.621375 
0.677981 
-0.382863 
-0.128618 
0.559439 
-0.733985 
0.523314 
-0.160658 
-0.304978 
0.716690 
-0.707249 
0.378296 
0.127242 
-0.563690 
0.708546 
-0.564721 
0.067479 
0.305559 
-0.654210 
0.574209 
-0.440189 
-0.137994 
0.520827 
-0.648047 
0.595421 
-0.211392 
-0.236731 
0.628265 
-0.582866 
0.328623 
0.063397 
-0.475218 
0.642641 
-0.484617 
0.200501 
0.193713 
-0.509668 
0.519529 
-0.351807 
0.050802 
0.281772 
-0.500187 
0.482982 
-0.272631 
-0.185544 
0.418050 
-0.366970 
0.352325 
-0.028737 
-0.166420 
0.396178 
-0.400825 
0.093745 
0.051277 
-0.337430 
0.348188 
-0.220978 
0.029187 
0.165685 
-0.234111 
0.244456 
-0.140993 
-0.043401 
0.229403 
-0.204569 
0.018166 
0.034851 
-0.152956 
0.129711 
-0.013288 
-0.066150 
0.057923 
-0.095118 
-0.150165 
0.167002 
-0.106318 
0.003209 
0.210057 
-0.317124 
0.236538 
-0.023402 
-0.229513 
0.404159 
-0.411475 
0.056752 
0.260062 
-0.521971 
0.540861 
-0.152393 
-0.277780 
0.539887 
-0.613353 
0.343790 
0.145632 
-0.565236 
0.773314 
-0.586482 
0.072239 
0.372720 
-0.729812 
0.700000 
-0.235334 
-0.218515 
0.737986 
-0.752985 
0.441126 
0.076361 
-0.473080 
0.665505 
-0.514879 
0.138406 
0.378731 
-0.600151 
0.531020 
-0.285340 
-0.128279 
0.413294 
-0.468018 
0.365431 
-0.075999 
-0.201783 
0.357788 
-0.352658 
0.227395 
0.085141 
-0.153073 
0.161643 
-0.273738 
0.198501 
-0.040865 
-0.029931 
0.145186 
-0.200544 
0.189692 
-0.196390 
-0.086142 
0.189165 
-0.255886 
0.221853 
-0.117023 
-0.113580 
0.317958 
-0.283657 
0.265231 
-0.029856 
-0.208220 
0.291926 
-0.327416 
0.186161 
0.009294 
-0.236621 
0.410427 
-0.354411 
0.147813 
0.152258 
-0.363224 
0.505040 
-0.280264 
0.068501 
0.195379 
-0.408414 
0.442393 
-0.273572 
-0.086529 
0.400237 
-0.499018 
0.403316 
-0.186718 
-0.181840 
0.415409 
-0.524265 
0.344211 
-0.020655 
-0.354163 
0.500823 
-0.427325 
0.232274 
0.145572 
-0.472469 
0.578358 
-0.354771 
0.032547 
0.312795 
-0.479272 
0.495137 
-0.278141 
-0.115359 
0.356614 
-0.484412 
0.335701 
-0.093221 
-0.204874 
0.435852 
-0.428363 
0.392392 
-0.035343 
-0.218631 
0.471263 
-0.491685 
0.196501 
0.052483 
-0.373529 
0.532730 
-0.489057 
0.246280 
0.201254 
-0.485588 
0.600140 
-0.355696 
-0.094226 
0.445552 
-0.720523 
0.609087 
-0.174152 
-0.388696 
0.742456 
-0.670575 
0.410185 
0.256923 
-0.642855 
0.843130 
-0.518966 
0.004430 
0.463761 
-0.748616 
0.637495 
-0.169754 
-0.429046 
0.702568 
-0.653501 
0.224925 
0.270468 
-0.639727 
0.659052 
-0.187194 
-0.207728 
0.542096 
-0.586849 
0.273640 
0.091929 
-0.418865 
0.489367 
-0.262487 
-0.061790 
0.310079 
-0.462375 
0.250373 
0.141209 
-0.282163 
0.298418 
-0.115717 
-0.072951 
0.224331 
-0.252485 
0.046552 
0.110171 
-0.181981 
0.130705 
-0.003704 
-0.098964 
0.200394 
-0.099562 
-0.017266 
0.215840 
-0.117346 
0.197149 
0.167794 
-0.294656 
0.234669 
-0.016686 
-0.092811 
0.284069 
-0.323501 
0.110231 
0.166037 
-0.479989 
0.470926 
-0.131770 
-0.223637 
0.472050 
-0.563358 
0.232034 
0.121582 
-0.578186 
0.570081 
-0.499871 
-0.042592 
0.478379 
-0.665115 
0.628219 
-0.132549 
-0.440384 
0.855650 
-0.737440 
0.295775 
0.312480 
-0.782471 
0.907176 
-0.595730 
-0.082522 
0.715684 
-0.953767 
0.826100 
-0.172684 
-0.569537 
0.950562 
-0.885313 
0.350192 
0.321256 
-0.875620 
0.982903 
-0.604652 
-0.079471 
0.646594 
-1.055295 
0.808146 
-0.177319 
-0.450048 
0.883046 
-0.901422 
0.388245 
0.252545 
-0.605793 
0.800920 
-0.524332 
-0.022807 
0.453639 
-0.621677 
0.538048 
-0.308698 
-0.065522 
0.434046 
-0.525045 
0.386307 
-0.082754 
-0.210578 
0.392117 
-0.403464 
0.312963 
-0.077383 
-0.116110 
0.339639 
-0.424807 
0.372721 
-0.184836 
-0.132195 
0.471524 
-0.495171 
0.394011 
-0.120914 
-0.318944 
0.586336 
-0.582641 
0.375949 
0.153205 
-0.444468 
0.607040 
-0.513343 
0.100006 
0.407863 
-0.674414 
0.569155 
-0.270368 
-0.246494 
0.634956 
-0.646101 
0.436499 
-0.015184 
-0.437655 
0.620994 
-0.457142 
0.065599 
0.314687 
-0.529569 
0.427517 
-0.090043 
-0.272544 
0.422571 
-0.288784 
0.105543 
0.094273 
-0.249124 
0.159660 
0.005213 
-0.215504 
0.188612 
0.006486 
-0.100744 
0.191901 
-0.207366 
-0.045649 
0.196087 
-0.269226 
0.252033 
-0.026641 
-0.389691 
0.530527 
-0.409763 
0.109223 
0.343427 
-0.697878 
0.601374 
-0.107349 
-0.379409 
0.685233 
-0.759663 
0.368644 
0.213827 
-0.730663 
0.876314 
-0.452726 
-0.112377 
0.625271 
-0.846359 
0.690036 
-0.102640 
-0.527707 
0.785330 
-0.704055 
0.234747 
0.172891 
-0.626636 
0.672503 
-0.461316 
0.043722 
0.322319 
-0.513083 
0.493539 
-0.155122 
-0.131824 
0.352504 
-0.434051 
0.308912 
-0.134285 
-0.161798 
0.256424 
-0.386498 
0.260445 
-0.095276 
-0.009136 
0.205712 
-0.293402 
0.344919 
-0.211825 
-0.158096 
0.389356 
-0.485861 
0.410953 
-0.095272 
-0.359882 
0.597999 
-0.575363 
0.243598 
0.120002 
-0.500289 
0.722592 
-0.568324 
0.113993 
0.346450 
-0.660747 
0.618832 
-0.246874 
-0.287845 
0.558853 
-0.569717 
0.448622 
-0.005310 
-0.438381 
0.498193 
-0.428460 
0.228127 
0.148752 
-0.526066 
0.477902 
-0.334763 
0.043987 
0.281517 
-0.392485 
0.343600 
-0.114484 
-0.028477 
0.185516 
-0.328137 
0.203991 
-0.098888 
-0.068884 
0.176100 
-0.249625 
0.189168 
-0.138621 
-0.020753 
0.146744 
-0.202794 
0.258010 
-0.075552 
-0.140130 
0.224861 
-0.350305 
0.211047 
0.009746 
-0.278541 
0.303452 
-0.194513 
0.079156 
0.060074 
-0.199742 
0.258002 
-0.197717 
0.047381 
-0.004207 
-0.270668 
0.255866 
-0.155839 
0.036809 
0.086345 
-0.268989 
0.165684 
-0.077330 
-0.130366 
0.258960 
-0.299867 
0.278813 
-0.042944 
-0.141258 
0.359353 
-0.400016 
0.157768 
0.077001 
-0.322864 
0.424115 
-0.248127 
-0.000601 
0.375405 
-0.444811 
0.295055 
-0.036431 
-0.190665 
0.397377 
-0.421003 
0.120579 
0.280647 
-0.416983 
0.320971 
-0.136255 
-0.244493 
0.331853 
-0.349831 
0.097995 
0.219096 
-0.384828 
0.317798 
-0.059569 
-0.142438 
0.368481 
-0.257312 
0.100895 
0.326500 
-0.283343 
0.263317 
0.111806 
-0.172185 
0.351170 
-0.269112 
-0.051189 
0.341933 
-0.301244 
0.164125 
0.073628 
-0.180323 
0.345555 
-0.156215 
-0.140021 
0.263468 
-0.290153 
0.065506 
0.167143 
-0.396098 
0.318755 
-0.172762 
-0.158781 
0.282725 
-0.307547 
0.072407 
0.192450 
-0.266259 
0.283316 
-0.162620 
-0.172616 
0.274431 
-0.204513 
0.118745 
0.025358 
-0.172004 
0.197697 
-0.058433 
-0.092821 
0.144387 
-0.143564 
-0.035815 
0.122902 
-0.170337 
0.113707 
-0.038889 
-0.091774 
0.091127 
0.048150 
-0.109242 
0.206447 
-0.097705 
-0.087645 
0.198230 
-0.217310 
0.093378 
0.144554 
-0.234957 
0.234171 
-0.102201 
-0.110778 
0.221316 
-0.184442 
0.230345 
0.090929 
-0.323049 
0.254535 
-0.194033 
-0.035725 
0.225781 
-0.330046 
0.255262 
-0.052028 
-0.038611 
0.347816 
-0.226030 
0.115151 
0.052039 
-0.220451 
0.406913 
-0.215091 
0.094137 
0.206506 
-0.324416 
0.332822 
-0.192210 
-0.066261 
0.233996 
-0.381734 
0.345029 
-0.049948 
-0.216775 
0.424835 
-0.501114 
0.141470 
0.034701 
-0.366733 
0.459004 
-0.390160 
-0.033005 
0.297794 
-0.481853 
0.355607 
-0.109871 
-0.278649 
0.477723 
-0.442350 
0.171180 
0.182913 
-0.391530 
0.345061 
-0.230198 
-0.016172 
0.301357 
-0.415362 
0.223267 
-0.009487 
-0.178811 
0.228124 
-0.127692 
-0.052649 
0.106004 
-0.213550 
0.022985 
-0.071357 
-0.033346 
0.059027 
0.010961 
-0.063769 
-0.049864 
0.137105 
-0.055541 
0.014618 
0.070284 
-0.124655 
0.227035 
0.078504 
-0.122834 
0.136191 
-0.332445 
0.013684 
0.087874 
-0.204510 
0.340861 
-0.042560 
-0.171556 
0.295316 
-0.262280 
0.084591 
0.143181 
-0.297997 
0.257817 
-0.105243 
-0.187019 
0.379667 
-0.353759 
0.039811 
0.289656 
-0.439241 
0.383280 
-0.070890 
-0.200172 
0.415383 
-0.336019 
0.077459 
0.366729 
-0.549683 
0.487867 
-0.126144 
-0.306870 
0.535231 
-0.464506 
0.087750 
0.267874 
-0.413257 
0.460946 
-0.214588 
-0.093278 
0.381510 
-0.396491 
0.265747 
0.097948 
-0.299285 
0.416918 
-0.328421 
0.059834 
0.122692 
-0.236961 
0.285178 
-0.141616 
0.009339 
0.092686 
-0.274546 
0.197988 
-0.223081 
0.048944 
0.084636 
-0.267361 
0.246418 
-0.211088 
0.050201 
0.257749 
-0.276130 
0.347731 
-0.166823 
-0.121321 
0.377534 
-0.429933 
0.174125 
0.090209 
-0.339239 
0.377319 
-0.311828 
0.088113 
0.256481 
-0.374273 
0.238219 
-0.064206 
-0.216700 
0.278833 
-0.215158 
0.001921 
0.217370 
-0.191801 
0.091938 
0.080132 
-0.167852 
0.101302 
-0.015753 
-0.266092 
0.185680 
-0.015406 
-0.192209 
0.351096 
-0.342329 
0.017839 
0.277444 
-0.532557 
0.494205 
-0.161750 
-0.363368 
0.634640 
-0.603663 
0.153790 
0.341777 
-0.757726 
0.770877 
-0.297645 
-0.205631 
0.748998 
-0.804756 
0.420157 
0.074731 
-0.735750 
0.975409 
-0.521175 
0.059894 
0.574652 
-0.887542 
0.610979 
-0.106776 
-0.469036 
0.620997 
-0.585233 
0.238074 
0.313224 
-0.490928 
0.519274 
-0.323698 
-0.088716 
0.326144 
-0.399958 
0.273177 
-0.011548 
-0.086116 
0.167657 
-0.135425 
0.023096 
-0.079216 
0.020332 
-0.040638 
-0.072118 
0.019185 
-0.123044 
0.113127 
-0.031861 
-0.094711 
0.270520 
-0.292185 
0.081675 
0.061384 
-0.318091 
0.353478 
-0.237958 
-0.026317 
0.306653 
-0.375138 
0.309689 
-0.173182 
-0.136249 
0.296161 
-0.350203 
0.105216 
-0.028805 
-0.290713 
0.356845 
-0.211146 
-0.002290 
0.156641 
-0.190851 
0.159875 
-0.110619 
0.040651 
0.091382 
-0.155983 
0.122510 
-0.043691 
-0.029521 
0.027868 
-0.121752 
0.142933 
-0.162684 
-0.014757 
0.043822 
-0.163470 
0.191755 
-0.205482 
-0.015497 
0.141218 
-0.119257 
0.140811 
-0.075172 
-0.112321 
0.124697 
-0.057151 
0.076633 
-0.038277 
-0.012425 
0.026082 
0.024720 
-0.026078 
-0.012728 
0.044626 
-0.026790 
-0.045437 
0.096164 
-0.160243 
0.154128 
-0.024993 
-0.062209 
0.209888 
-0.282884 
0.213417 
0.039235 
-0.270998 
0.407554 
-0.303500 
0.097076 
0.203531 
-0.509895 
0.498981 
-0.268909 
-0.219084 
0.535542 
-0.634132 
0.444747 
0.026556 
-0.555142 
0.735280 
-0.642574 
0.165815 
0.433571 
-0.776710 
0.866234 
-0.244508 
-0.328965 
0.708964 
-0.928318 
0.482592 
0.147462 
-0.738672 
0.927593 
-0.611781 
-0.027371 
0.693300 
-0.994399 
0.788426 
-0.226334 
-0.529782 
1.044299 
-0.835051 
0.216992 
0.441247 
-0.950884 
0.892367 
-0.375998 
-0.351854 
0.847118 
-0.942773 
0.422558 
0.280202 
-0.859361 
0.874222 
-0.482655 
-0.204102 
0.698330 
-0.892829 
0.432138 
0.216062 
-0.821037 
0.782373 
-0.462250 
-0.227732 
0.759300 
-0.789418 
0.439261 
0.162781 
-0.678786 
0.707930 
-0.466257 
-0.198740 
0.635757 
-0.699248 
0.419902 
0.068691 
-0.527711 
0.662624 
-0.346730 
-0.129917 
0.518420 
-0.612219 
0.309479 
0.076811 
-0.419946 
0.492543 
-0.275879 
-0.116827 
0.422161 
-0.416139 
0.163757 
0.139811 
-0.410950 
0.373239 
-0.036151 
-0.237688 
0.435399 
-0.236235 
-0.023687 
0.413726 
-0.517076 
0.202652 
0.232957 
-0.430943 
0.552500 
-0.237518 
-0.149316 
0.598026 
-0.500780 
0.210972 
0.233209 
-0.578457 
0.681803 
-0.328587 
-0.165125 
0.636127 
-0.723280 
0.461476 
0.054903 
-0.634884 
0.789959 
-0.513430 
-0.042455 
0.552258 
-0.894048 
0.572635 
-0.076501 
-0.500713 
0.788082 
-0.563202 
0.259946 
0.381753 
-0.745481 
0.639729 
-0.322848 
-0.124374 
0.515170 
-0.570003 
0.357763 
0.028130 
-0.406068 
0.480325 
-0.306230 
0.009633 
0.348315 
-0.300495 
0.266425 
0.037083 
-0.256797 
0.268994 
-0.171420 
-0.046891 
0.180124 
-0.269334 
0.133898 
0.128536 
-0.184880 
0.164175 
-0.030945 
-0.056014 
0.254678 
-0.105004 
-0.008665 
0.156806 
-0.162597 
0.131088 
-0.007424 
-0.194740 
0.261538 
-0.172242 
0.009571 
0.149103 
-0.324882 
0.137042 
-0.063013 
-0.122483 
0.313210 
-0.181074 
0.112866 
0.104982 
-0.260542 
0.223588 
-0.040361 
-0.014443 
0.145274 
-0.172765 
0.135986 
-0.118311 
-0.071511 
0.095122 
-0.225936 
0.016966 
-0.075360 
-0.132840 
0.167788 
-0.133271 
0.095833 
-0.054751 
-0.152090 
0.171269 
-0.112883 
0.128286 
0.067748 
-0.241690 
0.267567 
-0.184557 
0.014703 
0.254315 
-0.395003 
0.181292 
-0.043228 
-0.271395 
0.324902 
-0.308247 
0.023372 
0.224692 
-0.350238 
0.410582 
-0.005114 
-0.210891 
0.441551 
-0.372254 
0.004159 
0.208176 
-0.556529 
0.504431 
-0.163969 
-0.282484 
0.551092 
-0.580149 
0.298129 
0.215574 
-0.650813 
0.700887 
-0.221455 
-0.172650 
0.753062 
-0.788546 
0.379213 
0.182962 
-0.646395 
0.863957 
-0.544571 
-0.049601 
0.616327 
-0.820447 
0.719929 
-0.090717 
-0.612100 
0.919484 
-0.705298 
0.256852 
0.412331 
-0.841402 
0.751445 
-0.336044 
-0.354705 
0.636345 
-0.755039 
0.303445 
0.070379 
-0.605868 
0.733792 
-0.430122 
-0.039283 
0.411257 
-0.556214 
0.450018 
-0.078474 
-0.376730 
0.505711 
-0.375205 
0.077317 
0.246800 
-0.399681 
0.373266 
-0.139265 
-0.175871 
0.381942 
-0.274362 
0.095294 
0.204798 
-0.308680 
0.182867 
-0.084547 
-0.083390 
0.337344 
-0.135335 
-0.039440 
0.204163 
-0.361532 
0.117746 
0.109937 
-0.249265 
0.309713 
-0.111093 
-0.099776 
0.306617 
-0.315807 
0.184624 
0.138505 
-0.299963 
0.319486 
-0.223496 
-0.064418 
0.293820 
-0.310111 
0.130132 
0.041165 
-0.217208 
0.251081 
-0.098267 
-0.115761 
0.223018 
-0.206469 
0.084676 
0.048773 
-0.172156 
0.140802 
0.137936 
-0.210875 
0.175285 
0.075719 
-0.216744 
0.204332 
-0.184386 
-0.089050 
0.396009 
-0.445582 
0.365828 
0.063780 
-0.450979 
0.635923 
-0.439765 
-0.050872 
0.512461 
-0.705599 
0.490249 
0.025204 
-0.510214 
0.730997 
-0.571544 
0.034909 
0.507146 
-0.946434 
0.641470 
-0.109756 
-0.508989 
0.804789 
-0.588338 
0.147615 
0.487278 
-0.724272 
0.590252 
-0.110191 
-0.398672 
0.575277 
-0.497504 
0.023163 
0.404478 
-0.528186 
0.256349 
0.004366 
-0.380433 
0.429896 
-0.205101 
-0.166876 
0.484299 
-0.441384 
0.078532 
0.291830 
-0.576109 
0.412404 
0.191840 
-0.417572 
0.680328 
-0.408414 
0.010439 
0.542988 
0.020790 
-0.353181 
0.630739 
-0.600442 
0.149577 
0.331984 
-0.804343 
0.770311 
-0.363381 
-0.300598 
0.721061 
-0.882613 
0.472263 
0.101783 
-0.649498 
0.965195 
-0.708017 
-0.024633 
0.567639 
-0.846773 
0.693371 
-0.122288 
-0.485995 
0.804202 
-0.711251 
0.090217 
0.286064 
-0.661488 
0.550181 
-0.128546 
-0.357409 
0.526003 
-0.393417 
-0.000157 
0.288773 
-0.401529 
0.189530 
0.046335 
-0.307331 
0.330192 
-0.218065 
-0.025210 
0.330309 
-0.249887 
0.074792 
0.142388 
-0.394335 
0.355292 
-0.079084 
-0.210083 
0.477023 
-0.380791 
0.098461 
0.073703 
-0.283135 
0.320871 
-0.121626 
-0.059919 
0.247277 
-0.318923 
0.228362 
0.015687 
-0.140503 
0.254684 
-0.141835 
0.142904 
0.072481 
-0.178794 
0.031900 
-0.078476 
0.003458 
0.046208 
0.021170 
0.137621 
-0.131458 
0.141953 
0.039245 
-0.017779 
0.182671 
-0.285079 
0.092416 
-0.009485 
-0.064295 
0.252075 
-0.241580 
0.209454 
0.029525 
-0.139545 
0.292271 
-0.218889 
0.203205 
0.075532 
-0.253533 
0.440299 
-0.299881 
0.050441 
0.168506 
-0.391814 
0.456811 
-0.284694 
-0.118775 
0.347202 
-0.558331 
0.406022 
-0.197667 
-0.251606 
0.491212 
-0.581800 
0.303419 
0.172675 
-0.452338 
0.644157 
-0.346543 
0.021684 
0.357260 
-0.614917 
0.496986 
-0.125103 
-0.254379 
0.484858 
-0.423245 
0.150828 
0.223616 
-0.554859 
0.433964 
-0.065634 
-0.239540 
0.424084 
-0.287623 
0.024972 
0.192587 
-0.318682 
0.131232 
0.167279 
-0.329673 
0.294719 
-0.066284 
-0.271228 
0.456129 
-0.333794 
-0.083195 
0.503437 
-0.587681 
0.459759 
0.005419 
-0.515355 
0.754112 
-0.620840 
0.061346 
0.597462 
-0.870323 
0.789075 
-0.217369 
-0.413101 
0.912233 
-0.907866 
0.364298 
0.380630 
-0.895981 
0.956309 
-0.374112 
-0.158734 
0.835072 
-0.834464 
0.589893 
-0.042674 
-0.529136 
0.789619 
-0.622840 
0.230386 
0.289309 
-0.551070 
0.533380 
-0.353200 
-0.019545 
0.270888 
-0.394954 
0.311421 
-0.223126 
0.034675 
0.139701 
-0.278470 
0.330375 
-0.303312 
0.110827 
0.228169 
-0.372073 
0.548404 
-0.310441 
-0.027824 
0.428440 
-0.718455 
0.546323 
-0.190241 
-0.417551 
0.665344 
-0.674374 
0.303765 
0.404330 
-0.808487 
0.773604 
-0.512339 
-0.165669 
0.733773 
-0.814620 
0.507442 
0.137711 
-0.720480 
0.861559 
-0.503335 
-0.145317 
0.662696 
-0.897730 
0.576073 
-0.028077 
-0.621171 
0.836662 
-0.564873 
-0.014988 
0.509008 
-0.880924 
0.634635 
-0.122007 
-0.483762 
0.837881 
-0.706073 
0.207744 
0.519988 
-0.899662 
0.697816 
-0.273036 
-0.341959 
0.851769 
-0.755309 
0.449404 
0.244813 
-0.767720 
0.926550 
-0.669460 
0.029948 
0.655754 
-0.916523 
0.745968 
-0.185385 
-0.468066 
0.901058 
-0.972851 
0.542644 
0.217371 
-0.773880 
1.005313 
-0.790174 
0.018997 
0.646673 
-1.031666 
0.967377 
-0.344927 
-0.312583 
0.915879 
-1.028755 
0.733044 
0.020857 
-0.736030 
0.996772 
-0.837365 
0.259049 
0.399265 
-0.897377 
0.973474 
-0.537419 
-0.089595 
0.607119 
-0.885648 
0.668879 
-0.193620 
-0.499590 
0.807680 
-0.658039 
0.363262 
0.133937 
-0.643111 
0.638760 
-0.564982 
0.125562 
0.220771 
-0.521554 
0.578438 
-0.352875 
-0.002124 
0.340304 
-0.487653 
0.559246 
-0.345338 
-0.016056 
0.393912 
-0.526346 
0.366772 
-0.150438 
-0.185708 
0.347976 
-0.395147 
0.323166 
-0.071786 
-0.156399 
0.343313 
-0.504057 
0.188907 
-0.051396 
-0.204893 
0.425830 
-0.404940 
0.223892 
0.000412 
-0.197121 
0.487650 
-0.438611 
0.317000 
0.121685 
-0.399151 
0.642475 
-0.442942 
0.153702 
0.263425 
-0.654373 
0.725233 
-0.358225 
-0.219956 
0.715497 
-0.849635 
0.634050 
0.003651 
-0.533949 
0.963809 
-0.767897 
0.260808 
0.519392 
-0.944884 
0.853041 
-0.414186 
-0.348044 
0.932111 
-1.014187 
0.485624 
0.386484 
-0.830038 
0.940356 
-0.459586 
-0.127935 
0.738920 
-0.951666 
0.482153 
0.131722 
-0.690622 
0.785901 
-0.438665 
-0.233986 
0.632372 
-0.688071 
0.346667 
0.199293 
-0.556013 
0.555439 
-0.262538 
-0.275297 
0.562167 
-0.512908 
0.058129 
0.398421 
-0.586721 
0.379512 
0.095895 
-0.448564 
0.642201 
-0.363123 
-0.097936 
0.639395 
-0.678007 
0.272682 
0.257385 
-0.759128 
0.803693 
-0.330326 
-0.355001 
0.886804 
-0.931540 
0.453384 
0.300160 
-0.930987 
0.961710 
-0.539709 
-0.282924 
0.933378 
-1.075698 
0.550484 
0.246896 
-0.925341 
1.118327 
-0.687823 
-0.157539 
0.945622 
-1.147109 
0.814108 
0.028648 
-0.854942 
1.070676 
-0.881356 
0.108439 
0.681694 
-1.097179 
0.916093 
-0.211285 
-0.508844 
0.986309 
-0.929225 
0.411617 
0.278706 
-0.788833 
0.908359 
-0.579702 
-0.036636 
0.599908 
-0.997579 
0.633388 
-0.191992 
-0.498707 
0.806365 
-0.745164 
0.317020 
0.286072 
-0.689794 
0.791675 
-0.425889 
-0.045378 
0.514536 
-0.814579 
0.632158 
-0.166629 
-0.425171 
0.719225 
-0.639938 
0.321680 
0.217356 
-0.622656 
0.726790 
-0.423768 
-0.052541 
0.520550 
-0.703961 
0.488176 
-0.023435 
-0.360358 
0.693348 
-0.520201 
0.168327 
0.376927 
-0.516910 
0.526425 
-0.213624 
-0.146585 
0.428787 
-0.478481 
0.234644 
0.039614 
-0.400642 
0.446944 
-0.273754 
0.055643 
0.270778 
-0.266651 
0.202687 
-0.138933 
-0.004934 
0.232245 
-0.209678 
0.150702 
-0.097974 
-0.037472 
0.185082 
-0.281908 
0.216719 
-0.197672 
-0.153701 
0.294037 
-0.411356 
0.367191 
-0.124167 
-0.291334 
0.527594 
-0.508375 
0.163889 
0.128731 
-0.532344 
0.687324 
-0.415093 
-0.063637 
0.509204 
-0.795151 
0.560526 
-0.079179 
-0.521327 
0.769589 
-0.708531 
0.259665 
0.388145 
-0.758988 
0.728332 
-0.426875 
-0.191021 
0.712218 
-0.829168 
0.522705 
-0.007620 
-0.514033 
0.681220 
-0.650799 
0.242660 
0.286446 
-0.646070 
0.612379 
-0.318999 
-0.004218 
0.329935 
-0.480264 
0.419021 
-0.246431 
-0.039665 
0.336597 
-0.461407 
0.463062 
-0.195923 
-0.088621 
0.441051 
-0.644059 
0.517134 
-0.171936 
-0.265874 
0.640939 
-0.797412 
0.417287 
0.045922 
-0.684231 
0.887084 
-0.786442 
0.138856 
0.468153 
-1.011278 
0.875272 
-0.332593 
-0.355137 
1.033410 
-1.073723 
0.513450 
0.169630 
-0.831045 
1.040672 
-0.587120 
-0.022004 
0.664108 
-0.934884 
0.710664 
-0.119732 
-0.465545 
0.855171 
-0.639757 
0.197778 
0.345214 
-0.674308 
0.574396 
-0.196900 
-0.178468 
0.434038 
-0.306688 
0.166463 
0.137864 
-0.147455 
0.125990 
-0.041869 
-0.106777 
0.095942 
-0.013632 
-0.017232 
0.119498 
0.043476 
-0.101024 
0.185871 
-0.047243 
-0.084756 
0.413478 
-0.324896 
0.193838 
0.278314 
-0.565292 
0.546809 
-0.243303 
-0.209500 
0.536671 
-0.593236 
0.305283 
0.194284 
-0.579962 
0.720850 
-0.347526 
-0.196477 
0.599969 
-0.718825 
0.330302 
0.203006 
-0.708925 
0.729733 
-0.387216 
-0.242535 
0.645986 
-0.756227 
0.320140 
0.256182 
-0.576665 
0.644738 
-0.385928 
-0.195911 
0.579570 
-0.685142 
0.325387 
0.109907 
-0.554216 
0.635103 
-0.334862 
-0.155965 
0.476392 
-0.577249 
0.287147 
0.089289 
-0.428259 
0.492692 
-0.213518 
-0.082430 
0.413723 
-0.396303 
0.196552 
0.108288 
-0.239559 
0.319012 
-0.122366 
-0.014277 
0.282662 
-0.227888 
0.137522 
-0.029318 
-0.003806 
0.049388 
-0.031933 
0.007522 
-0.057200 
0.080517 
-0.010009 
-0.093068 
0.214483 
-0.153541 
0.108450 
0.106416 
-0.238683 
0.401871 
-0.147362 
-0.186320 
0.392773 
-0.407592 
0.235151 
0.193527 
-0.488897 
0.518779 
-0.266832 
-0.147462 
0.565796 
-0.638446 
0.313595 
0.201485 
-0.715263 
0.716179 
-0.344437 
-0.175296 
0.738517 
-0.747044 
0.401612 
0.136938 
-0.654473 
0.733159 
-0.359519 
-0.272442 
0.640876 
-0.723126 
0.360897 
0.269448 
-0.641137 
0.760058 
-0.329148 
-0.194185 
0.657358 
-0.584266 
0.209406 
0.321966 
-0.644216 
0.438656 
-0.016812 
-0.391618 
0.455936 
-0.383365 
-0.127420 
0.517471 
-0.520893 
0.275079 
0.297341 
-0.601706 
0.617208 
-0.085000 
-0.522089 
0.746357 
-0.659380 
0.047932 
0.644384 
-0.956486 
0.704449 
0.035754 
-0.821127 
1.103325 
-0.807781 
0.038749 
0.822317 
-1.293257 
0.961513 
-0.105266 
-0.829801 
1.291483 
-1.129903 
0.283009 
0.786336 
-1.311452 
1.192806 
-0.338295 
-0.649954 
1.249313 
-1.126325 
0.526484 
0.410907 
-1.103589 
1.083457 
-0.656547 
-0.238019 
0.781488 
-0.999309 
0.713932 
-0.019344 
-0.531791 
0.783999 
-0.646639 
0.140513 
0.247417 
-0.477938 
0.538377 
-0.337678 
0.079457 
0.197319 
-0.324769 
0.469764 
-0.281712 
0.176907 
0.149071 
-0.338686 
0.514841 
-0.521426 
0.095029 
0.324207 
-0.630969 
0.585143 
-0.300809 
-0.173355 
0.647053 
-0.754568 
0.521446 
0.064764 
-0.570346 
0.805233 
-0.648046 
0.131824 
0.414239 
-0.770611 
0.602959 
-0.287829 
-0.340671 
0.620439 
-0.670599 
0.307624 
0.193727 
-0.508664 
0.591277 
-0.343176 
-0.058696 
0.307353 
-0.456485 
0.250330 
-0.014649 
-0.233520 
0.290453 
-0.122065 
-0.025115 
0.012736 
-0.062626 
0.018795 
-0.006404 
0.000094 
-0.021630 
0.158252 
-0.043489 
-0.097590 
0.292338 
-0.274195 
0.181097 
0.068152 
-0.381757 
0.364707 
-0.243434 
-0.049829 
0.369090 
-0.515332 
0.265547 
0.049975 
-0.341689 
0.554832 
-0.472622 
0.109019 
0.288007 
-0.476533 
0.440831 
-0.129643 
-0.250308 
0.430182 
-0.429326 
0.219872 
0.166711 
-0.420798 
0.417152 
-0.293915 
0.030094 
0.181705 
-0.319224 
0.297033 
-0.123062 
-0.034150 
0.221293 
-0.260243 
0.222075 
-0.047660 
-0.119300 
0.211218 
-0.286249 
0.213235 
-0.049375 
-0.136870 
0.317945 
-0.353622 
0.143927 
0.048107 
-0.355659 
0.407538 
-0.296298 
0.030690 
0.317037 
-0.454633 
0.499898 
-0.229308 
-0.303492 
0.481102 
-0.604925 
0.238214 
0.140948 
-0.434631 
0.579714 
-0.281673 
-0.027176 
0.377443 
-0.544535 
0.452138 
-0.027202 
-0.257415 
0.439995 
-0.291210 
0.034048 
0.211967 
-0.359311 
0.196556 
0.020293 
-0.188158 
0.191627 
-0.144844 
-0.079134 
0.148112 
-0.114834 
-0.034990 
0.146001 
-0.128451 
0.048793 
0.112934 
-0.281508 
0.175130 
-0.011077 
-0.285695 
0.353427 
-0.299218 
-0.039399 
0.245010 
-0.371165 
0.354690 
-0.070557 
-0.229976 
0.469553 
-0.488614 
0.226071 
0.176251 
-0.344321 
0.504446 
-0.244647 
-0.044747 
0.227633 
-0.354322 
0.312844 
-0.123028 
-0.051062 
0.150192 
-0.239367 
0.209401 
-0.153927 
0.057463 
0.240653 
-0.303865 
0.392058 
-0.223772 
0.023057 
0.302723 
-0.549342 
0.630369 
-0.250244 
-0.196133 
0.518405 
-0.707880 
0.575901 
0.035405 
-0.629277 
0.873763 
-0.759995 
0.277851 
0.464598 
-0.960686 
1.053231 
-0.500010 
-0.280240 
0.973673 
-1.086144 
0.809963 
0.051260 
-0.797349 
1.097778 
-0.829404 
0.125627 
0.613195 
-0.960152 
0.831243 
-0.159296 
-0.464359 
0.844275 
-0.756977 
0.217243 
0.193534 
-0.548136 
0.508986 
-0.190045 
-0.050374 
0.256672 
-0.128091 
0.021104 
0.173578 
-0.080368 
-0.158012 
0.402887 
-0.379101 
-0.059765 
0.507154 
-0.726113 
0.463611 
-0.095315 
-0.665056 
0.975636 
-0.906671 
0.222105 
0.822938 
-1.402351 
1.255404 
-0.420640 
-0.698411 
1.638247 
-1.599580 
0.699625 
0.557954 
-1.583139 
1.877549 
-1.045986 
-0.289160 
1.465822 
-2.018885 
1.297611 
-0.010379 
-1.269346 
1.883073 
-1.501953 
0.282118 
0.962137 
-1.654989 
1.519376 
-0.497746 
-0.690858 
1.367831 
-1.289902 
0.615194 
0.266163 
-0.929602 
1.124786 
-0.626459 
0.007924 
0.639413 
-0.706699 
0.469429 
-0.085816 
-0.241050 
0.394258 
-0.153738 
0.023833 
-0.075377 
0.028319 
-0.076570 
-0.068681 
0.241366 
-0.388781 
0.403029 
-0.165713 
-0.333755 
0.665190 
-0.618020 
0.300797 
0.273926 
-0.599559 
0.806758 
-0.487890 
-0.181756 
0.751189 
-0.944451 
0.513380 
0.067187 
-0.655105 
0.826498 
-0.614485 
-0.002990 
0.613035 
-0.892255 
0.654223 
0.011290 
-0.428196 
0.619146 
-0.438490 
-0.001529 
0.390528 
-0.483606 
0.262689 
0.117872 
-0.370567 
0.322313 
-0.049217 
-0.242966 
0.380704 
-0.302918 
-0.038734 
0.432603 
-0.574278 
0.226373 
0.113367 
-0.540752 
0.610481 
-0.257928 
-0.258522 
0.673417 
-0.677111 
0.347931 
0.298206 
-0.621880 
0.704598 
-0.378093 
-0.203650 
0.725485 
-0.827906 
0.508841 
0.043238 
-0.629769 
0.786674 
-0.459202 
-0.012832 
0.390062 
-0.658676 
0.514289 
-0.169800 
-0.268453 
0.418788 
-0.479963 
0.184487 
0.063074 
-0.208713 
0.265389 
-0.333365 
0.197979 
0.074704 
-0.164011 
0.262520 
-0.200282 
0.292365 
-0.002931 
-0.174725 
0.417068 
-0.444093 
0.230560 
0.072366 
-0.561694 
0.545879 
-0.399639 
-0.049022 
0.483838 
-0.769392 
0.700055 
-0.153266 
-0.429317 
0.891572 
-0.886933 
0.284430 
0.288278 
-0.924725 
0.910485 
-0.560976 
-0.195340 
0.774908 
-1.007895 
0.709828 
-0.023365 
-0.751454 
1.098091 
-0.781597 
0.123940 
0.567163 
-1.054723 
0.979770 
-0.298649 
-0.447498 
0.983630 
-0.968348 
0.525323 
0.165415 
-0.856484 
0.960469 
-0.723358 
0.049042 
0.653446 
-0.988816 
0.811637 
-0.218986 
-0.427364 
0.840184 
-0.834210 
0.472065 
0.106333 
-0.703520 
0.804313 
-0.532695 
-0.072213 
0.592504 
-0.733887 
0.537750 
-0.065083 
-0.433387 
0.609634 
-0.531775 
0.217726 
0.279022 
-0.485666 
0.479626 
-0.238260 
-0.162732 
0.429265 
-0.317463 
0.285127 
0.176105 
-0.304995 
0.230958 
-0.060161 
-0.098880 
0.128283 
-0.059397 
-0.085821 
0.089066 
-0.135074 
-0.047138 
0.120185 
-0.151856 
0.063154 
0.092299 
-0.262545 
0.303549 
-0.073197 
-0.202008 
0.423784 
-0.309116 
0.051309 
0.269356 
-0.492483 
0.388543 
-0.044944 
-0.353831 
0.570963 
-0.428126 
0.048681 
0.274406 
-0.499074 
0.381668 
-0.059940 
-0.224472 
0.572778 
-0.298240 
0.018205 
0.285188 
-0.425506 
0.228861 
0.044301 
-0.323322 
0.357194 
-0.219647 
-0.243688 
0.454519 
-0.363341 
-0.014082 
0.251247 
-0.374136 
0.302886 
0.046108 
-0.469887 
0.445640 
-0.309723 
-0.222286 
0.569840 
-0.566058 
0.169363 
0.359941 
-0.607197 
0.672083 
-0.144494 
-0.443133 
0.747040 
-0.550851 
0.143233 
0.603728 
-0.947111 
0.754687 
-0.137630 
-0.600320 
0.853549 
-0.620490 
-0.084265 
0.676949 
-0.969881 
0.570510 
0.082069 
-0.796368 
1.077484 
-0.642714 
-0.183481 
0.842276 
-0.939273 
0.483921 
0.317126 
-0.930732 
0.963118 
-0.419284 
-0.299458 
0.946210 
-1.015204 
0.360688 
0.356021 
-1.006035 
0.965479 
-0.371044 
-0.427938 
0.936002 
-0.888756 
0.239943 
0.537127 
-0.933540 
0.757954 
-0.318413 
-0.428260 
0.887394 
-0.723304 
0.231745 
0.370988 
-0.702431 
0.702917 
-0.220809 
-0.372957 
0.661321 
-0.557307 
0.215418 
0.266426 
-0.516389 
0.443517 
-0.297039 
-0.084181 
0.383782 
-0.284812 
0.244447 
0.036204 
-0.156225 
0.247750 
-0.180330 
0.202260 
-0.044552 
-0.009257 
0.348437 
-0.372669 
0.314105 
-0.088457 
-0.176486 
0.441330 
-0.552442 
0.372368 
0.142265 
-0.617881 
0.866569 
-0.646547 
-0.007003 
0.693011 
-1.007918 
0.833154 
-0.127324 
-0.778956 
1.254628 
-1.045536 
0.294506 
0.695365 
-1.334100 
1.215033 
-0.528066 
-0.651475 
1.343685 
-1.228769 
0.638256 
0.441658 
-1.219820 
1.377605 
-0.729087 
-0.266924 
0.926456 
-1.118804 
0.706457 
0.031057 
-0.802038 
0.999706 
-0.635635 
0.042106 
0.539252 
-0.715911 
0.513053 
-0.216320 
-0.138288 
0.378933 
-0.266504 
0.179133 
-0.036005 
-0.008935 
0.128996 
-0.062702 
0.219404 
-0.292183 
0.307665 
-0.032954 
-0.267192 
0.476519 
-0.515190 
0.157292 
0.317637 
-0.665844 
0.668083 
-0.309192 
-0.266690 
0.800733 
-0.841993 
0.411220 
0.170972 
-0.714396 
0.885621 
-0.520884 
-0.133758 
0.749180 
-0.855482 
0.467916 
0.072509 
-0.638269 
0.805069 
-0.412290 
-0.142047 
0.640131 
-0.680522 
0.394099 
0.260172 
-0.648156 
0.579490 
-0.107583 
-0.432037 
0.652443 
-0.539399 
0.023684 
0.617636 
-0.809410 
0.573244 
0.100611 
-0.720669 
0.964989 
-0.588601 
-0.037635 
0.761051 
-1.017143 
0.776917 
-0.037146 
-0.806722 
1.106148 
-0.956181 
0.201002 
0.580936 
-1.124290 
0.920113 
-0.317613 
-0.379391 
0.942318 
-0.993088 
0.546109 
0.087895 
-0.719582 
0.888249 
-0.629276 
0.076172 
0.428253 
-0.714272 
0.683798 
-0.289570 
-0.112874 
0.512910 
-0.648501 
0.518838 
-0.137512 
-0.233328 
0.486619 
-0.496535 
0.330186 
-0.048581 
-0.296141 
0.508536 
-0.529009 
0.412232 
-0.037353 
-0.310723 
0.584533 
-0.460376 
0.163493 
0.101083 
-0.466454 
0.563616 
-0.389208 
0.078790 
0.299410 
-0.496029 
0.494720 
-0.222364 
-0.098543 
0.277023 
-0.411356 
0.412276 
-0.133020 
-0.122514 
0.289977 
-0.433150 
0.314422 
-0.127841 
-0.094571 
0.373803 
-0.342633 
0.187927 
-0.199129 
-0.139754 
0.304313 
-0.418569 
0.353732 
0.002164 
-0.245137 
0.360326 
-0.429970 
0.332874 
-0.004873 
-0.323215 
0.577183 
-0.565984 
0.145185 
0.211006 
-0.456824 
0.542488 
-0.374993 
0.012526 
0.319346 
-0.579573 
0.617438 
-0.201523 
-0.237717 
0.538200 
-0.682588 
0.502719 
-0.032837 
-0.438940 
0.737781 
-0.587567 
0.307670 
0.345119 
-0.671029 
0.737050 
-0.432992 
-0.111285 
0.609025 
-0.718374 
0.574427 
-0.045147 
-0.579937 
0.835484 
-0.616973 
0.102469 
0.407381 
-0.623475 
0.662905 
-0.247267 
-0.242195 
0.770181 
-0.702919 
0.328031 
0.165268 
-0.584169 
0.653964 
-0.332296 
-0.062727 
0.495637 
-0.639496 
0.471489 
0.057968 
-0.472010 
0.590295 
-0.475776 
0.109497 
0.317998 
-0.532022 
0.543765 
-0.168052 
-0.149615 
0.420745 
-0.494645 
0.308675 
0.032841 
-0.361116 
0.460077 
-0.420678 
0.162468 
0.094974 
-0.341819 
0.467784 
-0.470149 
0.129510 
0.145224 
-0.582680 
0.653532 
-0.417462 
-0.022790 
0.525657 
-0.814995 
0.693943 
-0.213127 
-0.490663 
0.986168 
-0.936059 
0.488261 
0.259389 
-0.869206 
1.106644 
-0.785958 
-0.111804 
0.759753 
-1.243611 
0.972575 
-0.214032 
-0.539704 
1.164720 
-1.061018 
0.544112 
0.287362 
-1.008495 
1.101613 
-0.704467 
-0.037334 
0.800127 
-1.047679 
0.954401 
-0.141025 
-0.439098 
0.833037 
-0.853950 
0.388039 
0.181124 
-0.637497 
0.654427 
-0.492266 
0.129488 
0.268265 
-0.592354 
0.620956 
-0.358754 
-0.051111 
0.370622 
-0.444206 
0.512066 
-0.340211 
-0.125079 
0.493287 
-0.600432 
0.438279 
-0.094034 
-0.355877 
0.707612 
-0.602039 
0.263893 
0.212884 
-0.682599 
0.656478 
-0.352593 
-0.203864 
0.576090 
-0.655928 
0.451706 
0.064206 
-0.509970 
0.704026 
-0.371004 
-0.168388 
0.569222 
-0.660676 
0.422493 
0.094017 
-0.465441 
0.609091 
-0.361292 
-0.138380 
0.546421 
-0.560105 
0.361252 
0.104099 
-0.516664 
0.588684 
-0.323506 
-0.080053 
0.414121 
-0.632885 
0.337466 
0.116649 
-0.492063 
0.595779 
-0.305924 
0.039084 
0.347651 
-0.410987 
0.304446 
-0.075461 
-0.073848 
0.273368 
-0.263585 
0.112509 
-0.060816 
-0.124543 
0.204825 
-0.296721 
0.171679 
-0.113519 
-0.057087 
0.291421 
-0.378995 
0.320571 
-0.169199 
-0.122528 
0.501119 
-0.614687 
0.254532 
0.128186 
-0.502494 
0.660461 
-0.387650 
-0.091974 
0.604007 
-0.868782 
0.604907 
-0.089998 
-0.540894 
0.760654 
-0.685869 
0.119035 
0.478792 
-0.928720 
0.755889 
-0.188406 
-0.502919 
0.876700 
-0.781250 
0.269567 
0.439987 
-0.916514 
0.776322 
-0.216031 
-0.317667 
0.797341 
-0.856163 
0.370619 
0.263626 
-0.854322 
0.858812 
-0.429633 
-0.288246 
0.822168 
-0.917801 
0.542066 
0.104062 
-0.740833 
0.964837 
-0.750930 
0.091681 
0.730253 
-0.977528 
0.908031 
-0.234621 
-0.633003 
1.021788 
-1.035849 
0.488994 
0.287375 
-0.967405 
1.305025 
-0.771354 
0.012251 
0.941996 
-1.348248 
0.961639 
-0.358863 
-0.739680 
1.335926 
-1.369539 
0.648116 
0.359933 
-1.246112 
1.470252 
-0.968743 
-0.108642 
1.016594 
-1.456426 
1.074099 
-0.199636 
-0.794132 
1.353530 
-1.232104 
0.523615 
0.506150 
-1.231258 
1.173974 
-0.622939 
-0.256433 
0.802269 
-1.045896 
0.703763 
0.056032 
-0.508321 
0.749123 
-0.549286 
0.073600 
0.286586 
-0.351650 
0.294857 
-0.043839 
-0.014605 
0.004525 
0.117355 
-0.098464 
-0.058339 
0.200668 
-0.373987 
0.310704 
0.017715 
-0.517956 
0.771268 
-0.574477 
0.065502 
0.529938 
-0.917137 
0.784152 
-0.236243 
-0.433539 
1.034040 
-1.039816 
0.524024 
0.340250 
-0.928021 
1.117879 
-0.639222 
-0.140734 
0.826486 
-1.108434 
0.798581 
0.026895 
-0.641443 
0.938432 
-0.773925 
0.206304 
0.469886 
-0.819585 
0.549150 
-0.268634 
-0.163952 
0.519929 
-0.439527 
0.250354 
0.140587 
-0.123004 
0.298551 
-0.082395 
-0.032961 
0.044429 
-0.011407 
-0.055245 
0.036658 
0.075637 
-0.273659 
0.240180 
-0.057220 
-0.194073 
0.444145 
-0.399126 
0.255123 
0.173700 
-0.369206 
0.537197 
-0.319464 
-0.149989 
0.409909 
-0.508546 
0.440324 
-0.019076 
-0.386182 
0.547655 
-0.446267 
0.088054 
0.279113 
-0.475992 
0.381160 
-0.141702 
-0.112637 
0.317877 
-0.372266 
0.149611 
0.096846 
-0.203829 
0.155967 
-0.025919 
-0.057825 
0.106072 
-0.059859 
-0.007260 
0.002010 
-0.128167 
-0.007076 
0.160645 
-0.174707 
0.106056 
0.006048 
-0.131197 
0.272145 
-0.106900 
0.060086 
0.203657 
-0.354170 
0.363213 
-0.135071 
-0.179292 
0.292400 
-0.441541 
0.263561 
0.026002 
-0.285624 
0.438366 
-0.349123 
0.214227 
0.226972 
-0.482587 
0.465761 
-0.228886 
-0.105541 
0.358958 
-0.521433 
0.431207 
-0.110865 
-0.277284 
0.448970 
-0.479323 
0.187539 
0.183218 
-0.390223 
0.458561 
-0.277800 
-0.013237 
0.328512 
-0.438278 
0.273313 
-0.028975 
-0.242369 
0.380594 
-0.165357 
0.122398 
0.028715 
-0.160927 
0.281826 
-0.124274 
0.036330 
0.040908 
0.002957 
0.091581 
-0.110206 
0.076414 
-0.066498 
-0.093482 
0.129243 
-0.258126 
0.263002 
-0.014402 
-0.133009 
0.351819 
-0.509357 
0.136898 
0.146280 
-0.366631 
0.443992 
-0.238538 
-0.083960 
0.449710 
-0.515319 
0.286077 
0.033467 
-0.451702 
0.571811 
-0.378171 
-0.090889 
0.542159 
-0.645864 
0.461452 
0.064284 
-0.555553 
0.604943 
-0.339471 
-0.044359 
0.486182 
-0.729151 
0.405663 
0.043498 
-0.645142 
0.735995 
-0.459722 
0.000460 
0.534634 
-0.672855 
0.480778 
-0.076321 
-0.442347 
0.672675 
-0.582052 
0.182512 
0.364364 
-0.602008 
0.554984 
-0.216310 
-0.183136 
0.550941 
-0.526124 
0.280607 
0.008495 
-0.381292 
0.530825 
-0.377808 
0.102964 
0.117966 
-0.385837 
0.385104 
-0.292079 
0.082524 
0.190377 
-0.388966 
0.479613 
-0.239567 
-0.074497 
0.364811 
-0.515729 
0.384290 
-0.012939 
-0.344605 
0.467464 
-0.330994 
0.133044 
0.294090 
-0.450324 
0.444496 
-0.162993 
-0.218849 
0.486059 
-0.422479 
0.108270 
0.228117 
-0.515256 
0.396291 
-0.057443 
-0.388678 
0.523126 
-0.312268 
-0.071869 
0.530109 
-0.595351 
0.309690 
0.228577 
-0.752627 
0.762073 
-0.351056 
-0.401977 
1.021617 
-1.030011 
0.486556 
0.385937 
-1.153731 
1.305394 
-0.565089 
-0.306224 
1.249199 
-1.488996 
0.894915 
0.267585 
-1.242043 
1.699449 
-1.131301 
0.023230 
1.184493 
-1.721988 
1.360410 
-0.252712 
-1.014574 
1.746505 
-1.456827 
0.471124 
0.804643 
-1.501173 
1.637193 
-0.696279 
-0.558247 
1.326596 
-1.510328 
0.899329 
0.320730 
-1.168228 
1.372325 
-0.947480 
0.002322 
0.850356 
-1.199397 
0.878917 
-0.143763 
-0.573096 
0.979528 
-0.833160 
0.281728 
0.351119 
-0.767687 
0.698019 
-0.284753 
-0.208577 
0.638227 
-0.530031 
0.212984 
0.257899 
-0.625568 
0.505861 
-0.212409 
-0.185112 
0.439848 
-0.482616 
0.164603 
0.191918 
-0.563624 
0.613466 
-0.197542 
-0.267178 
0.550391 
-0.585676 
0.271324 
0.308007 
-0.710991 
0.740842 
-0.488202 
-0.171406 
0.725649 
-0.924549 
0.667309 
0.051903 
-0.688765 
0.969960 
-0.703212 
0.162225 
0.557731 
-0.944759 
0.847864 
-0.312702 
-0.370610 
0.966362 
-0.890784 
0.420618 
0.322082 
-0.827957 
0.868701 
-0.514579 
-0.192872 
0.673969 
-0.808566 
0.468775 
0.043379 
-0.550481 
0.683582 
-0.408660 
0.002538 
0.350617 
-0.460822 
0.313649 
0.044072 
-0.295429 
0.269549 
-0.111025 
-0.113586 
0.302893 
-0.087365 
-0.163320 
0.328571 
-0.295834 
0.117465 
0.274851 
-0.467021 
0.426795 
-0.023185 
-0.358007 
0.763979 
-0.716253 
0.209891 
0.461490 
-0.891030 
0.823119 
-0.373277 
-0.378422 
0.925873 
-0.922674 
0.446052 
0.217251 
-0.908214 
1.105062 
-0.654539 
-0.024181 
0.765218 
-1.143984 
0.864990 
-0.156094 
-0.634031 
1.058840 
-0.929717 
0.341637 
0.391198 
-0.948278 
1.015583 
-0.497941 
-0.171604 
0.734433 
-0.941396 
0.645844 
-0.068165 
-0.579327 
0.877360 
-0.743827 
0.334596 
0.323178 
-0.669167 
0.711879 
-0.450042 
-0.129879 
0.573198 
-0.745006 
0.508053 
-0.130535 
-0.349065 
0.674787 
-0.556044 
0.103983 
0.199886 
-0.577636 
0.525885 
-0.444707 
0.021203 
0.451035 
-0.562195 
0.456027 
-0.067895 
-0.338326 
0.535765 
-0.550652 
0.294834 
0.176147 
-0.517015 
0.512106 
-0.274730 
-0.013065 
0.396839 
-0.438775 
0.409888 
-0.048747 
-0.323766 
0.449241 
-0.336175 
0.098086 
0.287203 
-0.357825 
0.359927 
-0.176344 
-0.103585 
0.276510 
-0.358562 
0.196971 
-0.026541 
-0.268400 
0.277327 
-0.140564 
0.027492 
0.216834 
-0.311664 
0.165653 
0.047348 
-0.137323 
0.108830 
-0.113802 
0.102740 
-0.001720 
-0.058597 
0.059555 
-0.022073 
-0.039339 
-0.021664 
0.027145 
0.039996 
-0.015439 
0.040738 
-0.115374 
0.044745 
-0.086350 
0.020851 
0.100601 
-0.025581 
0.155931 
0.100976 
-0.142512 
0.189864 
-0.159144 
0.018103 
0.084889 
-0.180075 
0.094544 
-0.112400 
-0.037912 
0.124865 
-0.143565 
0.042096 
-0.029537 
-0.063853 
0.010604 
-0.037533 
0.003985 
-0.046810 
-0.038860 
0.013413 
-0.063934 
0.124419 
-0.188275 
0.115059 
0.089877 
-0.161961 
0.222271 
-0.174959 
-0.070415 
0.273506 
-0.305810 
0.206947 
0.030930 
-0.361621 
0.375432 
-0.271890 
0.060657 
0.327412 
-0.461076 
0.325651 
-0.056708 
-0.225213 
0.442578 
-0.384371 
0.064490 
0.251229 
-0.406821 
0.340751 
-0.056470 
-0.313637 
0.454186 
-0.323270 
0.057204 
0.266958 
-0.462565 
0.340264 
-0.024613 
-0.368874 
0.509342 
-0.338640 
-0.070632 
0.439122 
-0.581063 
0.358182 
0.077171 
-0.538962 
0.697589 
-0.424168 
-0.075631 
0.523492 
-0.750431 
0.399762 
-0.017897 
-0.566813 
0.692898 
-0.501341 
0.065665 
0.406489 
-0.663238 
0.665014 
-0.185754 
-0.238072 
0.634746 
-0.512222 
0.193094 
0.185087 
-0.372351 
0.443560 
-0.335314 
0.053058 
0.107691 
-0.268846 
0.317471 
-0.172225 
0.123643 
-0.116628 
-0.102546 
0.205126 
-0.360009 
0.341737 
-0.150704 
-0.162100 
0.476650 
-0.639035 
0.586130 
-0.009556 
-0.562464 
0.887354 
-0.801940 
0.315510 
0.544303 
-1.028701 
1.054597 
-0.572078 
-0.310163 
0.968090 
-1.245433 
0.819088 
0.078814 
-0.871505 
1.263009 
-0.958831 
0.295152 
0.590717 
-1.092623 
1.172640 
-0.567206 
-0.282665 
0.852738 
-1.055599 
0.807485 
-0.100230 
-0.498406 
0.751384 
-0.722577 
0.441267 
0.096795 
-0.568930 
0.680202 
-0.535951 
0.403925 
0.036530 
-0.329327 
0.648141 
-0.697351 
0.406784 
0.005676 
-0.514541 
0.689956 
-0.828168 
0.281552 
0.282833 
-0.792944 
1.084294 
-0.771884 
0.123663 
0.627087 
-1.170291 
1.117606 
-0.520178 
-0.383879 
1.105006 
-1.233720 
0.794571 
0.034632 
-0.944567 
1.346480 
-0.977814 
0.227410 
0.666573 
-1.171583 
1.049778 
-0.371695 
-0.361091 
0.918478 
-0.974945 
0.623831 
0.067653 
-0.688683 
0.780882 
-0.513442 
0.005440 
0.403708 
-0.547093 
0.337758 
-0.014909 
-0.258025 
0.311653 
-0.176866 
-0.085974 
0.227162 
-0.143700 
-0.103597 
0.274595 
-0.376742 
0.096045 
0.201923 
-0.472096 
0.461072 
-0.328836 
-0.357591 
0.698205 
-0.812336 
0.480431 
0.249125 
-0.866844 
1.097201 
-0.776180 
0.085760 
0.865039 
-1.345921 
1.090756 
-0.371637 
-0.672505 
1.374080 
-1.419657 
0.782815 
0.287037 
-1.318616 
1.613170 
-1.098157 
-0.029289 
1.073000 
-1.592994 
1.369649 
-0.474876 
-0.765229 
1.550388 
-1.550399 
0.727436 
0.274755 
-1.302310 
1.498070 
-1.005492 
-0.050277 
1.005905 
-1.372407 
1.038926 
-0.227080 
-0.595877 
1.080947 
-0.976612 
0.305518 
0.343341 
-0.795865 
0.806307 
-0.373520 
-0.123936 
0.506974 
-0.497365 
0.239783 
0.138656 
-0.234165 
0.118803 
-0.060433 
-0.102739 
0.125962 
-0.014433 
-0.270858 
0.337430 
-0.211530 
-0.143801 
0.443582 
-0.546525 
0.245223 
0.160510 
-0.677839 
0.697216 
-0.480433 
-0.172536 
0.742769 
-0.781362 
0.659985 
-0.096182 
-0.650148 
1.012660 
-0.783070 
0.252060 
0.435700 
-0.818435 
0.814185 
-0.399890 
-0.252056 
0.602483 
-0.766682 
0.384994 
0.062848 
-0.498920 
0.628592 
-0.436937 
0.213231 
0.206871 
-0.350766 
0.386558 
-0.110165 
0.076627 
0.053325 
-0.116561 
0.137542 
-0.077971 
0.095756 
-0.175817 
-0.013968 
0.215094 
-0.454505 
0.423434 
-0.266646 
-0.042422 
0.526884 
-0.723545 
0.570662 
-0.111907 
-0.510337 
0.863261 
-0.847219 
0.335503 
0.385652 
-1.028397 
1.083610 
-0.631415 
-0.298591 
0.976793 
-1.206797 
0.904241 
0.028726 
-0.843841 
1.309304 
-1.061140 
0.169202 
0.745858 
-1.233637 
1.088469 
-0.305095 
-0.573450 
1.122392 
-1.025711 
0.412147 
0.432957 
-0.996710 
0.951526 
-0.373628 
-0.286227 
0.920901 
-0.872743 
0.314152 
0.420392 
-0.829474 
0.747671 
-0.140940 
-0.375489 
0.742967 
-0.538780 
0.081618 
0.477350 
-0.775295 
0.506144 
0.052478 
-0.646161 
0.823146 
-0.442380 
-0.173521 
0.702319 
-0.939062 
0.431070 
0.285249 
-0.872559 
0.863160 
-0.433773 
-0.246164 
0.908141 
-1.021140 
0.496047 
0.208086 
-0.904482 
0.989952 
-0.634164 
-0.182422 
0.832993 
-1.017011 
0.606739 
0.132063 
-0.746138 
1.059042 
-0.565851 
-0.098387 
0.708052 
-0.967592 
0.615906 
0.059616 
-0.616060 
0.866016 
-0.498692 
0.028395 
0.582957 
-0.867218 
0.602642 
-0.038556 
-0.471372 
0.683329 
-0.614565 
0.109366 
0.337812 
-0.674033 
0.542276 
-0.164944 
-0.201122 
0.543199 
-0.449323 
0.222624 
0.164287 
-0.410688 
0.392984 
-0.248858 
-0.082332 
0.304115 
-0.425163 
0.364374 
-0.044928 
-0.116261 
0.306083 
-0.341792 
0.182726 
0.040385 
-0.133057 
0.343485 
-0.287422 
0.055836 
0.146062 
-0.225731 
0.306186 
-0.161942 
0.016706 
0.182105 
-0.248011 
0.248401 
-0.052066 
-0.024554 
0.191024 
-0.182217 
0.165446 
-0.068371 
-0.128457 
0.208829 
-0.183340 
0.061076 
-0.034760 
0.001846 
0.127912 
-0.219550 
0.218862 
-0.112864 
0.016563 
0.173041 
-0.340994 
0.350945 
-0.098729 
-0.075390 
0.490351 
-0.520113 
0.376565 
-0.039877 
-0.415617 
0.681863 
-0.502402 
0.053603 
0.399073 
-0.670107 
0.594236 
-0.191320 
-0.376091 
0.730826 
-0.757790 
0.382037 
0.209480 
-0.672252 
0.708605 
-0.375071 
-0.110303 
0.684418 
-0.709542 
0.482317 
0.093289 
-0.560657 
0.639187 
-0.342007 
-0.033541 
0.417020 
-0.526750 
0.348775 
0.117659 
-0.364202 
0.493294 
-0.239971 
-0.121875 
0.298590 
-0.368138 
0.080685 
0.114830 
-0.284346 
0.217697 
0.023789 
-0.285034 
0.329348 
-0.148471 
-0.002677 
0.261556 
-0.313204 
0.202535 
0.142384 
-0.272635 
0.308561 
-0.135457 
-0.092584 
0.183690 
-0.189548 
0.041725 
0.163224 
-0.147570 
0.106324 
0.060026 
-0.177142 
0.121949 
0.173256 
-0.173171 
0.265387 
-0.010953 
-0.283981 
0.428385 
-0.350705 
0.041359 
0.278755 
-0.715832 
0.462071 
-0.163674 
-0.458769 
0.764666 
-0.785935 
0.334330 
0.466055 
-0.872600 
0.882211 
-0.390638 
-0.301617 
0.894308 
-0.982885 
0.561772 
0.172086 
-0.850680 
1.044005 
-0.738815 
-0.008766 
0.565388 
-0.881847 
0.741748 
-0.239914 
-0.287618 
0.714549 
-0.715605 
0.389812 
-0.002969 
-0.320222 
0.571033 
-0.430386 
0.194713 
0.043792 
-0.183676 
0.323607 
-0.485528 
0.353803 
-0.097605 
-0.217832 
0.460296 
-0.595771 
0.463408 
-0.057256 
-0.416715 
0.703472 
-0.798191 
0.458181 
0.246124 
-0.812846 
1.044448 
-0.696585 
0.153505 
0.657588 
-1.040662 
0.957522 
-0.438366 
-0.338718 
1.002855 
-1.139520 
0.794533 
-0.081407 
-0.703586 
1.227597 
-1.046183 
0.452074 
0.376279 
-0.973551 
1.178698 
-0.815981 
0.112545 
0.644717 
-1.100321 
1.012436 
-0.502205 
-0.244153 
0.954453 
-1.155565 
0.902091 
-0.304603 
-0.666387 
1.165349 
-1.209157 
0.695660 
0.213181 
-1.065549 
1.292478 
-0.902155 
0.194563 
0.684667 
-1.238193 
1.175718 
-0.514962 
-0.314861 
1.036243 
-1.157620 
0.702933 
0.085707 
-0.700108 
0.928443 
-0.789112 
0.173663 
0.404981 
-0.812276 
0.771546 
-0.305234 
-0.189060 
0.406046 
-0.488224 
0.282645 
-0.001660 
-0.068192 
0.137490 
-0.107120 
0.044590 
-0.066233 
0.000728 
-0.142678 
0.027176 
0.216702 
-0.299433 
0.415781 
-0.223360 
-0.205452 
0.532299 
-0.664393 
0.445157 
0.042376 
-0.621469 
0.865614 
-0.682689 
0.136640 
0.511003 
-0.941213 
0.834939 
-0.399109 
-0.368310 
0.899732 
-0.943419 
0.615581 
0.061931 
-0.775286 
0.979936 
-0.694686 
0.115236 
0.412526 
-0.772883 
0.782055 
-0.293377 
-0.154622 
0.625097 
-0.669918 
0.385206 
-0.108433 
-0.316614 
0.542124 
-0.537238 
0.289651 
0.096031 
-0.293901 
0.440657 
-0.455285 
0.238805 
0.124327 
-0.357386 
0.485465 
-0.328619 
0.057553 
0.142439 
-0.320000 
0.404593 
-0.103217 
-0.027681 
0.216933 
-0.208800 
0.264030 
-0.037868 
-0.008192 
0.249959 
-0.166566 
0.086453 
-0.005086 
-0.068695 
0.034349 
-0.113830 
0.120722 
-0.072551 
0.068431 
-0.028023 
-0.115053 
0.232750 
-0.197116 
0.163719 
0.080778 
-0.297573 
0.318942 
-0.145779 
0.033935 
0.327315 
-0.455794 
0.266025 
0.032745 
-0.236706 
0.418022 
-0.314548 
-0.000836 
0.212936 
-0.373019 
0.322156 
-0.025795 
-0.296848 
0.386651 
-0.218995 
-0.052552 
0.328059 
-0.390041 
0.200725 
0.279279 
-0.416696 
0.398292 
0.047951 
-0.392502 
0.541022 
-0.465080 
-0.026319 
0.513153 
-0.706144 
0.554289 
0.010123 
-0.654764 
0.930189 
-0.754017 
-0.031691 
0.715919 
-1.115002 
0.856731 
-0.145923 
-0.556115 
1.125921 
-0.983971 
0.276672 
0.598139 
-1.162010 
1.037150 
-0.354257 
-0.469901 
1.070974 
-1.102055 
0.484320 
0.275587 
-0.865276 
1.076958 
-0.641702 
-0.105770 
0.645889 
-0.908282 
0.558964 
-0.067209 
-0.399994 
0.670926 
-0.547938 
0.189901 
0.162041 
-0.496042 
0.365903 
-0.136314 
-0.088247 
0.196876 
-0.215451 
0.183363 
-0.069631 
-0.036660 
0.099055 
-0.098683 
0.095943 
-0.187979 
0.183889 
-0.022704 
-0.118014 
0.234652 
-0.185311 
-0.057254 
0.011664 
-0.282390 
0.260098 
-0.055690 
-0.044970 
0.208045 
-0.264672 
0.094855 
0.013410 
-0.232847 
0.099530 
-0.005687 
-0.066375 
0.136796 
-0.102191 
-0.135833 
0.149129 
-0.159257 
0.002503 
0.288387 
-0.401588 
0.206425 
0.172045 
-0.375844 
0.496579 
-0.333264 
-0.190078 
0.538945 
-0.500553 
0.461621 
0.024939 
-0.451374 
0.777660 
-0.428532 
-0.028706 
0.490330 
-0.704205 
0.623087 
-0.102689 
-0.416448 
0.706770 
-0.649610 
0.154132 
0.307776 
-0.564051 
0.456587 
-0.241729 
-0.233569 
0.502345 
-0.432825 
0.182544 
0.147306 
-0.284570 
0.252684 
-0.037652 
-0.127625 
0.232404 
-0.132299 
-0.121545 
0.224667 
-0.091134 
-0.162260 
0.301539 
-0.391221 
0.141328 
0.137728 
-0.417694 
0.523968 
-0.277901 
-0.109237 
0.598074 
-0.707953 
0.483677 
0.119311 
-0.571619 
0.811835 
-0.628819 
0.082865 
0.453141 
-0.871373 
0.804613 
-0.266854 
-0.419094 
0.826738 
-0.975661 
0.532789 
0.131480 
-0.740243 
0.926068 
-0.733125 
0.208348 
0.511507 
-1.035631 
0.880894 
-0.460357 
-0.252124 
0.781914 
-0.945091 
0.665622 
-0.076793 
-0.637428 
0.946775 
-0.876448 
0.281718 
0.315310 
-0.852781 
0.938547 
-0.615389 
-0.237865 
0.651036 
-0.932380 
0.694378 
-0.095925 
-0.503014 
0.855216 
-0.731878 
0.302423 
0.279026 
-0.611495 
0.796887 
-0.343917 
-0.073762 
0.503803 
-0.698681 
0.450781 
-0.121482 
-0.301422 
0.489540 
-0.389878 
0.167360 
0.222613 
-0.399370 
0.379094 
-0.244154 
-0.083025 
0.245454 
-0.265606 
0.214414 
-0.052203 
-0.146478 
0.221280 
-0.154586 
0.131592 
0.083190 
-0.190815 
0.234169 
-0.191417 
0.017800 
0.259361 
-0.220665 
0.169880 
0.035263 
-0.305615 
0.412406 
-0.267005 
-0.035805 
0.340493 
-0.487942 
0.424759 
-0.075526 
-0.420618 
0.653840 
-0.558815 
0.136482 
0.406628 
-0.824931 
0.750549 
-0.205228 
-0.489762 
0.888499 
-0.875315 
0.268783 
0.529821 
-1.081220 
1.120289 
-0.529569 
-0.334251 
1.034183 
-1.256532 
0.786671 
0.186377 
-0.998772 
1.333922 
-0.903368 
0.065904 
0.987231 
-1.408634 
1.007472 
-0.103282 
-0.740440 
1.260534 
-1.035360 
0.399114 
0.600815 
-1.089624 
1.141530 
-0.495164 
-0.258617 
0.930211 
-1.027225 
0.624009 
0.102543 
-0.633728 
0.900155 
-0.696662 
0.177342 
0.305004 
-0.731851 
0.643103 
-0.377901 
-0.052759 
0.432944 
-0.610624 
0.487806 
-0.227798 
-0.117824 
0.472781 
-0.567764 
0.445018 
-0.168656 
-0.353132 
0.637856 
-0.649340 
0.335521 
0.157133 
-0.515591 
0.837539 
-0.591394 
0.063851 
0.558405 
-0.876393 
0.758578 
-0.192554 
-0.471825 
0.917414 
-0.838572 
0.370900 
0.425237 
-0.914716 
0.926935 
-0.361284 
-0.310823 
0.762822 
-0.863246 
0.436911 
0.172661 
-0.680592 
0.842315 
-0.468651 
-0.111225 
0.578788 
-0.729851 
0.256617 
0.188611 
-0.521520 
0.478185 
-0.246464 
-0.211990 
0.385978 
-0.316729 
0.093395 
0.185009 
-0.335631 
0.162129 
0.233869 
-0.420948 
0.221608 
-0.026533 
-0.298181 
0.446392 
-0.268254 
-0.188751 
0.465276 
-0.580964 
0.321124 
0.242465 
-0.540824 
0.698953 
-0.300176 
-0.189735 
0.623659 
-0.621279 
0.323252 
0.280861 
-0.655852 
0.683453 
-0.326405 
-0.176348 
0.604847 
-0.664346 
0.332974 
0.204070 
-0.652938 
0.636939 
-0.293681 
-0.211784 
0.419307 
-0.447034 
0.253262 
0.143115 
-0.417534 
0.308585 
-0.098579 
-0.123600 
0.339263 
-0.171019 
0.039516 
0.120860 
-0.234904 
0.022026 
0.153193 
-0.117862 
0.126096 
0.154836 
-0.156450 
0.197440 
0.121948 
-0.264595 
0.287936 
-0.120722 
-0.165307 
0.402311 
-0.470210 
0.157862 
0.270006 
-0.591467 
0.491937 
-0.213449 
-0.502467 
0.882155 
-0.642841 
0.121011 
0.513913 
-0.848358 
0.758975 
-0.050187 
-0.610024 
1.029316 
-0.857120 
0.082181 
0.703299 
-1.175932 
0.957057 
-0.206611 
-0.759434 
1.295919 
-1.058241 
0.117373 
0.740807 
-1.352517 
1.073891 
-0.228417 
-0.696503 
1.290272 
-1.124083 
0.234239 
0.646740 
-1.131413 
0.985108 
-0.293268 
-0.529468 
1.140069 
-0.960978 
0.312592 
0.474259 
-0.967274 
0.777769 
-0.247432 
-0.356637 
0.843472 
-0.653517 
0.091201 
0.388671 
-0.670799 
0.361011 
0.099335 
-0.356777 
0.541078 
-0.262494 
-0.215170 
0.455477 
-0.524263 
0.168403 
0.316769 
-0.583440 
0.452997 
-0.129031 
-0.280648 
0.695592 
-0.552257 
0.138351 
0.435596 
-0.677188 
0.654696 
-0.252801 
-0.252169 
0.616990 
-0.744052 
0.429082 
0.043488 
-0.572665 
0.727471 
-0.564637 
0.129686 
0.327578 
-0.602082 
0.582298 
-0.286866 
-0.028092 
0.383405 
-0.662251 
0.575670 
-0.268182 
-0.174763 
0.536267 
-0.708872 
0.575505 
-0.250586 
-0.256659 
0.724169 
-0.881682 
0.554098 
-0.011121 
-0.662121 
0.992643 
-0.840069 
0.303660 
0.475377 
-1.039166 
1.159820 
-0.682909 
-0.121836 
0.858101 
-1.198566 
1.050328 
-0.284624 
-0.688926 
1.203584 
-1.260188 
0.700416 
0.228867 
-1.082717 
1.296492 
-1.039849 
0.255195 
0.705608 
-1.333621 
1.208188 
-0.539880 
-0.396561 
1.083664 
-1.318957 
0.951094 
-0.120086 
-0.711216 
1.265688 
-1.167496 
0.513121 
0.334194 
-1.096214 
1.169388 
-0.854158 
0.056285 
0.701482 
-1.055383 
1.001457 
-0.411404 
-0.302172 
0.798290 
-1.005652 
0.615230 
0.001694 
-0.559540 
0.864536 
-0.631912 
0.271793 
0.250334 
-0.619409 
0.664427 
-0.471444 
0.121662 
0.228465 
-0.507282 
0.557700 
-0.304847 
-0.004246 
0.300129 
-0.477588 
0.634685 
-0.330387 
-0.017265 
0.367759 
-0.579296 
0.523132 
-0.317584 
-0.190207 
0.495665 
-0.580757 
0.459814 
0.039917 
-0.498984 
0.624016 
-0.615304 
0.104438 
0.327459 
-0.673614 
0.570471 
-0.190968 
-0.218174 
0.567958 
-0.538944 
0.169958 
0.230455 
-0.493277 
0.429847 
-0.161620 
-0.148412 
0.405782 
-0.366690 
0.037227 
0.190198 
-0.317168 
0.258082 
0.108427 
-0.308489 
0.347807 
-0.114040 
-0.192870 
0.517271 
-0.413312 
-0.055413 
0.454429 
-0.625826 
0.407247 
0.058544 
-0.509214 
0.753068 
-0.526466 
-0.123181 
0.666529 
-0.840359 
0.508302 
0.061407 
-0.679959 
0.897372 
-0.569486 
-0.140044 
0.694595 
-0.929524 
0.507186 
0.205734 
-0.761208 
0.939731 
-0.517823 
-0.199909 
0.843148 
-0.952065 
0.439629 
0.344436 
-0.931026 
0.965057 
-0.358560 
-0.386709 
0.863360 
-0.894143 
0.395005 
0.428163 
-0.986515 
0.942344 
-0.274922 
-0.462922 
0.966420 
-0.900372 
0.364358 
0.379488 
-0.883277 
0.864601 
-0.437127 
-0.379799 
0.789289 
-0.841536 
0.351575 
0.302383 
-0.667706 
0.585029 
-0.265941 
-0.272658 
0.496250 
-0.493390 
0.219073 
0.090398 
-0.437694 
0.204977 
0.008110 
-0.280948 
0.190995 
-0.093186 
-0.220952 
0.351795 
-0.232017 
-0.075586 
0.366997 
-0.435625 
0.179809 
0.188940 
-0.621145 
0.678925 
-0.274774 
-0.272287 
0.799943 
-0.805715 
0.447652 
0.177444 
-0.792142 
0.856233 
-0.469831 
-0.126231 
0.782060 
-0.998048 
0.773721 
-0.005817 
-0.647136 
1.028292 
-0.922290 
0.244145 
0.414459 
-0.808870 
0.845095 
-0.514482 
-0.115390 
0.722467 
-0.758917 
0.660763 
-0.165916 
-0.278516 
0.716672 
-0.726165 
0.471671 
-0.070125 
-0.427267 
0.717946 
-0.594558 
0.341599 
0.131211 
-0.518438 
0.735629 
-0.533505 
0.163771 
0.306000 
-0.672140 
0.772774 
-0.466308 
-0.037535 
0.517212 
-0.705828 
0.611633 
-0.286064 
-0.226827 
0.599821 
-0.667783 
0.449383 
-0.026744 
-0.475436 
0.718429 
-0.610347 
0.260604 
0.234082 
-0.501153 
0.558743 
-0.519598 
0.110047 
0.305491 
-0.631484 
0.582764 
-0.273655 
-0.116528 
0.397907 
-0.629030 
0.470066 
-0.162446 
-0.128050 
0.431531 
-0.553474 
0.412650 
-0.017111 
-0.190045 
0.470001 
-0.472795 
0.142064 
0.192111 
-0.396276 
0.509255 
-0.306320 
0.126165 
0.232232 
-0.367531 
0.361683 
-0.244345 
-0.076160 
0.270813 
-0.351085 
0.325088 
-0.112428 
-0.070068 
0.242314 
-0.321743 
0.277227 
-0.133467 
0.012176 
0.236767 
-0.315071 
0.269544 
-0.229019 
-0.069012 
0.236867 
-0.462918 
0.515849 
-0.203340 
-0.311557 
0.530443 
-0.616118 
0.420606 
0.055868 
-0.512042 
0.790262 
-0.647471 
0.119188 
0.472791 
-0.854494 
0.812327 
-0.297718 
-0.330752 
0.773602 
-0.888671 
0.419424 
0.279279 
-0.764713 
0.926403 
-0.530079 
-0.169149 
0.652291 
-0.811730 
0.502987 
0.035627 
-0.638376 
0.753333 
-0.587990 
0.033072 
0.554874 
-0.760311 
0.493085 
-0.071018 
-0.425338 
0.543070 
-0.397100 
0.028274 
0.376774 
-0.621648 
0.489730 
-0.006296 
-0.298536 
0.521864 
-0.355032 
-0.040837 
0.411432 
-0.413445 
0.196912 
0.038165 
-0.329584 
0.402583 
-0.124585 
-0.126509 
0.385445 
-0.392449 
0.236408 
0.135332 
-0.403306 
0.411673 
-0.119630 
-0.182718 
0.347747 
-0.392255 
0.131225 
0.104611 
-0.300900 
0.313463 
-0.092952 
-0.171136 
0.360698 
-0.283285 
0.139409 
0.140904 
-0.284165 
0.204981 
0.023264 
-0.215303 
0.255520 
-0.127458 
-0.128283 
0.259575 
-0.250929 
0.078372 
0.198362 
-0.394214 
0.340508 
-0.222326 
-0.206157 
0.409305 
-0.320064 
0.247664 
0.217795 
-0.449588 
0.585301 
-0.310404 
-0.137012 
0.563863 
-0.605283 
0.314181 
0.061598 
-0.552669 
0.623685 
-0.425139 
-0.064753 
0.429885 
-0.611168 
0.444351 
-0.039066 
-0.466040 
0.619516 
-0.501087 
0.140426 
0.328979 
-0.639530 
0.539448 
-0.143402 
-0.220253 
0.462813 
-0.507413 
0.186050 
0.240611 
-0.413623 
0.308269 
-0.120218 
-0.056158 
0.347987 
-0.270382 
0.143371 
0.136930 
-0.251403 
0.206734 
-0.090548 
-0.191879 
0.185775 
-0.243669 
0.019454 
0.176906 
-0.269469 
0.195586 
-0.009836 
-0.168231 
0.382641 
-0.254159 
0.053908 
0.240861 
-0.423272 
0.379989 
-0.095248 
-0.252776 
0.531761 
-0.531939 
0.273237 
0.115311 
-0.512943 
0.627482 
-0.400021 
0.096661 
0.434964 
-0.693289 
0.678827 
-0.161976 
-0.342436 
0.725976 
-0.817448 
0.495380 
0.159647 
-0.708951 
0.886250 
-0.668354 
0.126682 
0.499228 
-0.914568 
0.814957 
-0.272447 
-0.257027 
0.891525 
-0.972443 
0.554129 
0.068427 
-0.664514 
0.896616 
-0.703596 
0.181348 
0.506648 
-0.817163 
0.757587 
-0.337395 
-0.103773 
0.626686 
-0.654436 
0.386309 
-0.028133 
-0.309074 
0.526966 
-0.427397 
0.273105 
0.157867 
-0.345872 
0.417115 
-0.337269 
0.136869 
0.082089 
-0.195873 
0.252917 
-0.272329 
0.228726 
0.030008 
-0.150408 
0.337794 
-0.424525 
0.234416 
0.015542 
-0.338956 
0.483395 
-0.455168 
0.098957 
0.235135 
-0.490720 
0.517289 
-0.277798 
-0.077509 
0.354028 
-0.467977 
0.402689 
-0.136199 
-0.237438 
0.463058 
-0.451672 
0.260276 
0.069467 
-0.399279 
0.458959 
-0.436143 
0.080336 
0.087372 
-0.391730 
0.347137 
-0.211558 
0.111397 
0.190867 
-0.288968 
0.365857 
-0.265352 
0.091727 
0.180106 
-0.329613 
0.297833 
-0.223368 
0.045647 
0.260039 
-0.458066 
0.341538 
-0.195667 
-0.108304 
0.354409 
-0.425838 
0.173577 
0.028674 
-0.197286 
0.301419 
-0.249738 
0.038425 
0.093599 
-0.238860 
0.125107 
-0.102925 
-0.038103 
0.022245 
-0.088812 
0.126752 
-0.122625 
0.159880 
-0.084235 
-0.020072 
0.145530 
-0.272271 
0.264927 
-0.218551 
-0.102511 
0.360577 
-0.503684 
0.402992 
-0.004497 
-0.354307 
0.653423 
-0.577076 
0.285095 
0.333659 
-0.691929 
0.834089 
-0.506828 
-0.186397 
0.767123 
-0.862135 
0.531468 
0.164153 
-0.692649 
0.947514 
-0.562265 
-0.039535 
0.561095 
-0.783934 
0.615909 
-0.095240 
-0.499545 
0.799341 
-0.599998 
0.162024 
0.315745 
-0.599012 
0.419926 
-0.048091 
-0.300751 
0.515855 
-0.353024 
0.082926 
0.245213 
-0.456279 
0.265858 
0.039486 
-0.287890 
0.369829 
-0.260388 
-0.123485 
0.332983 
-0.328670 
0.086931 
0.179974 
-0.400856 
0.355983 
-0.188196 
-0.179352 
0.410654 
-0.415973 
0.125551 
0.092435 
-0.401342 
0.331232 
-0.200140 
-0.121022 
0.319412 
-0.364659 
0.196310 
0.066556 
-0.150822 
0.264414 
-0.172274 
0.086482 
0.115573 
-0.206366 
0.192202 
-0.002629 
-0.031958 
-0.006134 
-0.006920 
0.051244 
-0.115954 
0.163709 
-0.090136 
0.030164 
0.145552 
-0.132965 
0.247009 
-0.008714 
-0.063237 
0.155279 
-0.323785 
0.162614 
-0.033597 
-0.240402 
0.302866 
-0.348902 
0.147493 
0.081096 
-0.275317 
0.401377 
-0.244681 
0.091995 
0.158036 
-0.382562 
0.452951 
-0.255965 
-0.079581 
0.298974 
-0.525326 
0.391278 
-0.102349 
-0.228386 
0.475547 
-0.549002 
0.284158 
0.156880 
-0.441379 
0.562617 
-0.403167 
0.006673 
0.447335 
-0.571315 
0.477787 
-0.135203 
-0.274112 
0.465960 
-0.413563 
0.181508 
0.183717 
-0.480263 
0.404241 
-0.147927 
-0.192156 
0.397730 
-0.190674 
0.074061 
0.192956 
-0.239606 
0.193191 
0.073357 
-0.408273 
0.233751 
-0.004701 
-0.343724 
0.514824 
-0.374813 
0.020795 
0.462534 
-0.667760 
0.534281 
-0.099702 
-0.528170 
0.742979 
-0.609813 
0.084399 
0.543190 
-0.891674 
0.807418 
-0.178049 
-0.541977 
0.852882 
-0.921947 
0.358527 
0.263805 
-0.870287 
0.892235 
-0.527122 
-0.125690 
0.790949 
-0.880094 
0.580156 
-0.061545 
-0.478717 
0.749634 
-0.607668 
0.136916 
0.330778 
-0.564073 
0.508199 
-0.346915 
-0.035104 
0.307993 
-0.288541 
0.400163 
-0.278461 
0.026488 
0.207773 
-0.343605 
0.397431 
-0.278724 
0.049388 
0.255346 
-0.487373 
0.508454 
-0.379350 
-0.021142 
0.447249 
-0.672859 
0.452049 
-0.045427 
-0.473458 
0.747292 
-0.689058 
0.233925 
0.282999 
-0.832803 
0.804501 
-0.375782 
-0.265351 
0.770243 
-0.824646 
0.518802 
0.139748 
-0.641123 
0.867365 
-0.434254 
-0.007748 
0.611289 
-0.853013 
0.591300 
0.037130 
-0.596963 
0.802109 
-0.548535 
0.017749 
0.617752 
-0.876647 
0.664746 
-0.102183 
-0.540374 
0.889756 
-0.818883 
0.212752 
0.457397 
-0.850483 
0.854967 
-0.317247 
-0.413722 
0.852904 
-0.819186 
0.436527 
0.213845 
-0.813490 
1.026911 
-0.662716 
0.015359 
0.640000 
-1.003549 
0.849432 
-0.210726 
-0.465043 
0.963758 
-1.018698 
0.448553 
0.240940 
-0.808639 
1.020242 
-0.724350 
0.099436 
0.561757 
-1.006901 
0.888950 
-0.435146 
-0.373391 
0.868570 
-1.047248 
0.653741 
0.046189 
-0.663857 
0.928230 
-0.776011 
0.303732 
0.508700 
-0.894353 
0.923249 
-0.450296 
-0.112589 
0.698194 
-0.806558 
0.626951 
-0.097605 
-0.299826 
0.744137 
-0.805041 
0.441259 
0.146360 
-0.448397 
0.672672 
-0.410596 
0.106226 
0.244906 
-0.559632 
0.580400 
-0.319342 